t	frame	pixel_{x}	pixel_{y}
0.000000000E0	0.000000000E0	2.677894737E2	1.257543860E2
3.333333333E-2	1.000000000E0	2.678251501E2	1.258107452E2
6.666666667E-2	2.000000000E0	2.678065634E2	1.257389113E2
1.000000000E-1	3.000000000E0	2.679048500E2	1.258727616E2
1.333333333E-1	4.000000000E0	2.678254587E2	1.259294567E2
1.666666667E-1	5.000000000E0	2.679901670E2	1.258948865E2
2.000000000E-1	6.000000000E0	2.680060543E2	1.259454755E2
2.333333333E-1	7.000000000E0	2.680750918E2	1.257842807E2
2.666666667E-1	8.000000000E0	2.679228997E2	1.257855919E2
3.000000000E-1	9.000000000E0	2.679450564E2	1.257986422E2
3.333333333E-1	1.000000000E1	2.679720593E2	1.257689417E2
3.666666667E-1	1.100000000E1	2.679322337E2	1.258039956E2
4.000000000E-1	1.200000000E1	2.678539110E2	1.257855016E2
4.333333333E-1	1.300000000E1	2.679489742E2	1.257555561E2
4.666666667E-1	1.400000000E1	2.679294792E2	1.257750021E2
5.000000000E-1	1.500000000E1	2.678490321E2	1.257395286E2
5.333333333E-1	1.600000000E1	2.678854576E2	1.257921953E2
5.666666667E-1	1.700000000E1	2.678940777E2	1.258173609E2
6.000000000E-1	1.800000000E1	2.678953782E2	1.257401974E2
6.333333333E-1	1.900000000E1	2.678645892E2	1.258285257E2
6.666666667E-1	2.000000000E1	2.678855493E2	1.257900800E2
7.000000000E-1	2.100000000E1	2.679517516E2	1.257176542E2
7.333333333E-1	2.200000000E1	2.682750590E2	1.257805151E2
7.666666667E-1	2.300000000E1	2.682920389E2	1.257948739E2
8.000000000E-1	2.400000000E1	2.684477835E2	1.258984268E2
8.333333333E-1	2.500000000E1	2.686708639E2	1.257864411E2
8.666666667E-1	2.600000000E1	2.686495242E2	1.257538263E2
9.000000000E-1	2.700000000E1	2.687615432E2	1.257680805E2
9.333333333E-1	2.800000000E1	2.687709078E2	1.257421535E2
9.666666667E-1	2.900000000E1	2.687865132E2	1.257185341E2
1.000000000E0	3.000000000E1	2.687835687E2	1.257603220E2
1.033333333E0	3.100000000E1	2.688007550E2	1.257457916E2
1.066666667E0	3.200000000E1	2.687805032E2	1.257698327E2
1.100000000E0	3.300000000E1	2.688024161E2	1.256343489E2
1.133333333E0	3.400000000E1	2.688250612E2	1.254831462E2
1.166666667E0	3.500000000E1	2.688781972E2	1.256589127E2
1.200000000E0	3.600000000E1	2.688662692E2	1.256407314E2
1.233333333E0	3.700000000E1	2.688461509E2	1.256373803E2
1.266666667E0	3.800000000E1	2.688176498E2	1.256012160E2
1.300000000E0	3.900000000E1	2.688197162E2	1.256854914E2
1.333333333E0	4.000000000E1	2.687649678E2	1.255921155E2
1.366666667E0	4.100000000E1	2.685891732E2	1.256842872E2
1.400000000E0	4.200000000E1	2.685357523E2	1.256739166E2
1.433333333E0	4.300000000E1	2.684801269E2	1.257172914E2
1.466666667E0	4.400000000E1	2.683903564E2	1.254331533E2
1.500000000E0	4.500000000E1	2.685052289E2	1.255427267E2
1.533333333E0	4.600000000E1	2.685398191E2	1.256920650E2
1.566666667E0	4.700000000E1	2.685334555E2	1.256730591E2
1.600000000E0	4.800000000E1	2.685077055E2	1.257242131E2
1.633333333E0	4.900000000E1	2.685211055E2	1.257549664E2
1.666666667E0	5.000000000E1	2.681706973E2	1.258180694E2
1.700000000E0	5.100000000E1	2.678497458E2	1.256742333E2
1.733333333E0	5.200000000E1	2.678220383E2	1.257186379E2
1.766666667E0	5.300000000E1	2.677176831E2	1.256433499E2
1.800000000E0	5.400000000E1	2.676845157E2	1.257756228E2
1.833333333E0	5.500000000E1	2.677051362E2	1.257827992E2
1.866666667E0	5.600000000E1	2.676525134E2	1.257686152E2
1.900000000E0	5.700000000E1	2.676578469E2	1.256783372E2
1.933333333E0	5.800000000E1	2.676018465E2	1.257848530E2
1.966666667E0	5.900000000E1	2.674738924E2	1.257566304E2
2.000000000E0	6.000000000E1	2.674928744E2	1.257244227E2
2.033333333E0	6.100000000E1	2.673455276E2	1.257768855E2
2.066666667E0	6.200000000E1	2.674912135E2	1.257880400E2
2.100000000E0	6.300000000E1	2.676920085E2	1.258063960E2
2.133333333E0	6.400000000E1	2.675858174E2	1.256870388E2
2.166666667E0	6.500000000E1	2.677503685E2	1.257053578E2
2.200000000E0	6.600000000E1	2.678526739E2	1.256400090E2
2.233333333E0	6.700000000E1	2.677821242E2	1.256712711E2
2.266666667E0	6.800000000E1	2.677041359E2	1.256352532E2
2.300000000E0	6.900000000E1	2.678028486E2	1.256878544E2
2.333333333E0	7.000000000E1	2.676896562E2	1.257142964E2
2.366666667E0	7.100000000E1	2.675284831E2	1.257285828E2
2.400000000E0	7.200000000E1	2.672234036E2	1.255792436E2
2.433333333E0	7.300000000E1	2.666944231E2	1.255086040E2
2.466666667E0	7.400000000E1	2.658000196E2	1.252086892E2
2.500000000E0	7.500000000E1	2.648683905E2	1.249257223E2
2.533333333E0	7.600000000E1	2.638269278E2	1.245463724E2
2.566666667E0	7.700000000E1	2.626755826E2	1.237706380E2
2.600000000E0	7.800000000E1	2.618464864E2	1.236956959E2
2.633333333E0	7.900000000E1	2.607880796E2	1.233069094E2
2.666666667E0	8.000000000E1	2.597073145E2	1.236596925E2
2.700000000E0	8.100000000E1	2.588452709E2	1.236859980E2
2.733333333E0	8.200000000E1	2.579323007E2	1.237696506E2
2.766666667E0	8.300000000E1	2.571359572E2	1.237159147E2
2.800000000E0	8.400000000E1	2.563832765E2	1.236864274E2
2.833333333E0	8.500000000E1	2.557861363E2	1.236777819E2
2.866666667E0	8.600000000E1	2.549558303E2	1.237558844E2
2.900000000E0	8.700000000E1	2.541690965E2	1.235796980E2
2.933333333E0	8.800000000E1	2.534753388E2	1.238106042E2
2.966666667E0	8.900000000E1	2.529100158E2	1.238132709E2
3.000000000E0	9.000000000E1	2.523959806E2	1.238437839E2
3.033333333E0	9.100000000E1	2.519303499E2	1.237910249E2
3.066666667E0	9.200000000E1	2.515330979E2	1.237335767E2
3.100000000E0	9.300000000E1	2.510022396E2	1.237460442E2
3.133333333E0	9.400000000E1	2.507441831E2	1.237420011E2
3.166666667E0	9.500000000E1	2.505967931E2	1.238723878E2
3.200000000E0	9.600000000E1	2.505597658E2	1.238461346E2
3.233333333E0	9.700000000E1	2.507656129E2	1.239085815E2
3.266666667E0	9.800000000E1	2.512106123E2	1.239415214E2
3.300000000E0	9.900000000E1	2.515964160E2	1.240092010E2
3.333333333E0	1.000000000E2	2.519031687E2	1.238012659E2
3.366666667E0	1.010000000E2	2.526322117E2	1.236662176E2
3.400000000E0	1.020000000E2	2.529678368E2	1.234819056E2
3.433333333E0	1.030000000E2	2.537828446E2	1.235652550E2
3.466666667E0	1.040000000E2	2.545525351E2	1.237200841E2
3.500000000E0	1.050000000E2	2.556218752E2	1.240266067E2
3.533333333E0	1.060000000E2	2.567321826E2	1.242673791E2
3.566666667E0	1.070000000E2	2.577594738E2	1.248532551E2
3.600000000E0	1.080000000E2	2.587357277E2	1.250190377E2
3.633333333E0	1.090000000E2	2.598131121E2	1.255513882E2
3.666666667E0	1.100000000E2	2.608604683E2	1.256786403E2
3.700000000E0	1.110000000E2	2.618375085E2	1.258256504E2
3.733333333E0	1.120000000E2	2.628873068E2	1.257924510E2
3.766666667E0	1.130000000E2	2.638292898E2	1.258357896E2
3.800000000E0	1.140000000E2	2.646376268E2	1.259238011E2
3.833333333E0	1.150000000E2	2.656000801E2	1.258565185E2
3.866666667E0	1.160000000E2	2.662538905E2	1.258095149E2
3.900000000E0	1.170000000E2	2.666620227E2	1.257946693E2
3.933333333E0	1.180000000E2	2.669598915E2	1.256899671E2
3.966666667E0	1.190000000E2	2.676995464E2	1.257270747E2
4.000000000E0	1.200000000E2	2.679102900E2	1.257343399E2
4.033333333E0	1.210000000E2	2.686015816E2	1.256693135E2
4.066666667E0	1.220000000E2	2.688342406E2	1.257090404E2
4.100000000E0	1.230000000E2	2.692933262E2	1.257264290E2
4.133333333E0	1.240000000E2	2.695801056E2	1.256914362E2
4.166666667E0	1.250000000E2	2.697752356E2	1.256967537E2
4.200000000E0	1.260000000E2	2.698028143E2	1.257284023E2
4.233333333E0	1.270000000E2	2.700243768E2	1.257148261E2
4.266666667E0	1.280000000E2	2.701641770E2	1.256196852E2
4.300000000E0	1.290000000E2	2.703260686E2	1.258162919E2
4.333333333E0	1.300000000E2	2.703632584E2	1.258247733E2
4.366666667E0	1.310000000E2	2.702478220E2	1.257748043E2
4.400000000E0	1.320000000E2	2.700033994E2	1.257796870E2
4.433333333E0	1.330000000E2	2.698557762E2	1.257135131E2
4.466666667E0	1.340000000E2	2.698465520E2	1.257530884E2
4.500000000E0	1.350000000E2	2.697373437E2	1.258138574E2
4.533333333E0	1.360000000E2	2.696880115E2	1.257622136E2
4.566666667E0	1.370000000E2	2.696411153E2	1.257672425E2
4.600000000E0	1.380000000E2	2.695082024E2	1.258107660E2
4.633333333E0	1.390000000E2	2.694745032E2	1.258113023E2
4.666666667E0	1.400000000E2	2.697035824E2	1.257544642E2
4.700000000E0	1.410000000E2	2.697437093E2	1.256719341E2
4.733333333E0	1.420000000E2	2.699380541E2	1.254421477E2
4.766666667E0	1.430000000E2	2.704008805E2	1.255815246E2
4.800000000E0	1.440000000E2	2.710389600E2	1.250655202E2
4.833333333E0	1.450000000E2	2.719112295E2	1.252946472E2
4.866666667E0	1.460000000E2	2.727587329E2	1.251738345E2
4.900000000E0	1.470000000E2	2.740225701E2	1.253229626E2
4.933333333E0	1.480000000E2	2.758137826E2	1.249545949E2
4.966666667E0	1.490000000E2	2.776500428E2	1.247417262E2
5.000000000E0	1.500000000E2	2.795669154E2	1.243928606E2
5.033333333E0	1.510000000E2	2.811091329E2	1.237955594E2
5.066666667E0	1.520000000E2	2.828234760E2	1.236157589E2
5.100000000E0	1.530000000E2	2.847243544E2	1.231354691E2
5.133333333E0	1.540000000E2	2.860344464E2	1.224387646E2
5.166666667E0	1.550000000E2	2.871578368E2	1.219868076E2
5.200000000E0	1.560000000E2	2.876417514E2	1.210544205E2
5.233333333E0	1.570000000E2	2.876339916E2	1.206186419E2
5.266666667E0	1.580000000E2	2.869184915E2	1.198133477E2
5.300000000E0	1.590000000E2	2.868831164E2	1.191652758E2
5.333333333E0	1.600000000E2	2.868153667E2	1.188036630E2
5.366666667E0	1.610000000E2	2.867281518E2	1.188357785E2
5.400000000E0	1.620000000E2	2.867606923E2	1.190805855E2
5.433333333E0	1.630000000E2	2.868787193E2	1.190105472E2
5.466666667E0	1.640000000E2	2.875776936E2	1.195588543E2
5.500000000E0	1.650000000E2	2.877950379E2	1.197287793E2
5.533333333E0	1.660000000E2	2.879366055E2	1.197269305E2
5.566666667E0	1.670000000E2	2.878665121E2	1.196317925E2
5.600000000E0	1.680000000E2	2.877611459E2	1.194348548E2
5.633333333E0	1.690000000E2	2.874600957E2	1.193587479E2
5.666666667E0	1.700000000E2	2.868222434E2	1.193286288E2
5.700000000E0	1.710000000E2	2.858865374E2	1.197397924E2
5.733333333E0	1.720000000E2	2.849523620E2	1.195996909E2
5.766666667E0	1.730000000E2	2.838984188E2	1.193589934E2
5.800000000E0	1.740000000E2	2.826737221E2	1.196236112E2
5.833333333E0	1.750000000E2	2.808893940E2	1.196435177E2
5.866666667E0	1.760000000E2	2.792937437E2	1.200466972E2
5.900000000E0	1.770000000E2	2.780151001E2	1.205223692E2
5.933333333E0	1.780000000E2	2.767758564E2	1.208321206E2
5.966666667E0	1.790000000E2	2.757511952E2	1.218000527E2
6.000000000E0	1.800000000E2	2.746156242E2	1.225313759E2
6.033333333E0	1.810000000E2	2.732138617E2	1.230863977E2
6.066666667E0	1.820000000E2	2.718711272E2	1.236613709E2
6.100000000E0	1.830000000E2	2.707058686E2	1.237463925E2
6.133333333E0	1.840000000E2	2.696349248E2	1.239048145E2
6.166666667E0	1.850000000E2	2.683607032E2	1.239617945E2
6.200000000E0	1.860000000E2	2.675969653E2	1.240312459E2
6.233333333E0	1.870000000E2	2.666924932E2	1.238020481E2
6.266666667E0	1.880000000E2	2.657785334E2	1.238777689E2
6.300000000E0	1.890000000E2	2.648130550E2	1.240198710E2
6.333333333E0	1.900000000E2	2.638364011E2	1.243518733E2
6.366666667E0	1.910000000E2	2.633493991E2	1.247622649E2
6.400000000E0	1.920000000E2	2.630147581E2	1.248051377E2
6.433333333E0	1.930000000E2	2.629779178E2	1.247847529E2
6.466666667E0	1.940000000E2	2.629346314E2	1.247844024E2
6.500000000E0	1.950000000E2	2.628309732E2	1.248725447E2
6.533333333E0	1.960000000E2	2.627829978E2	1.249459879E2
6.566666667E0	1.970000000E2	2.626450207E2	1.249578571E2
6.600000000E0	1.980000000E2	2.619807962E2	1.247788717E2
6.633333333E0	1.990000000E2	2.616523523E2	1.247315210E2
6.666666667E0	2.000000000E2	2.610557427E2	1.246433205E2
6.700000000E0	2.010000000E2	2.608249846E2	1.247076857E2
6.733333333E0	2.020000000E2	2.604785990E2	1.249179215E2
6.766666667E0	2.030000000E2	2.603904593E2	1.248350620E2
6.800000000E0	2.040000000E2	2.600763606E2	1.247864109E2
6.833333333E0	2.050000000E2	2.596835691E2	1.249494028E2
6.866666667E0	2.060000000E2	2.593943758E2	1.252108937E2
6.900000000E0	2.070000000E2	2.590638842E2	1.250827154E2
6.933333333E0	2.080000000E2	2.589132443E2	1.252852443E2
6.966666667E0	2.090000000E2	2.587768010E2	1.256741222E2
7.000000000E0	2.100000000E2	2.587789589E2	1.257758930E2
7.033333333E0	2.110000000E2	2.588056987E2	1.258135267E2
7.066666667E0	2.120000000E2	2.587376899E2	1.257770343E2
7.100000000E0	2.130000000E2	2.587093827E2	1.259018370E2
7.133333333E0	2.140000000E2	2.587922429E2	1.258034593E2
7.166666667E0	2.150000000E2	2.587358342E2	1.260210504E2
7.200000000E0	2.160000000E2	2.587615087E2	1.258259122E2
7.233333333E0	2.170000000E2	2.588307661E2	1.258484884E2
7.266666667E0	2.180000000E2	2.589554829E2	1.258115475E2
7.300000000E0	2.190000000E2	2.592710787E2	1.257597036E2
7.333333333E0	2.200000000E2	2.597597191E2	1.257535096E2
7.366666667E0	2.210000000E2	2.601323891E2	1.257054479E2
7.400000000E0	2.220000000E2	2.606811583E2	1.255395873E2
7.433333333E0	2.230000000E2	2.608358148E2	1.256506207E2
7.466666667E0	2.240000000E2	2.608494327E2	1.250264866E2
7.500000000E0	2.250000000E2	2.607785502E2	1.247907936E2
7.533333333E0	2.260000000E2	2.599993878E2	1.246289778E2
7.566666667E0	2.270000000E2	2.588798255E2	1.239856437E2
7.600000000E0	2.280000000E2	2.576215451E2	1.239350010E2
7.633333333E0	2.290000000E2	2.556058890E2	1.238797919E2
7.666666667E0	2.300000000E2	2.533702478E2	1.236282309E2
7.700000000E0	2.310000000E2	2.508833979E2	1.230460538E2
7.733333333E0	2.320000000E2	2.485835965E2	1.228111042E2
7.766666667E0	2.330000000E2	2.466446333E2	1.227778631E2
7.800000000E0	2.340000000E2	2.447978884E2	1.226991487E2
7.833333333E0	2.350000000E2	2.432405421E2	1.225831423E2
7.866666667E0	2.360000000E2	2.417965125E2	1.225706841E2
7.900000000E0	2.370000000E2	2.407557792E2	1.221301546E2
7.933333333E0	2.380000000E2	2.398723215E2	1.219192305E2
7.966666667E0	2.390000000E2	2.393912593E2	1.218173336E2
8.000000000E0	2.400000000E2	2.388090739E2	1.215025251E2
8.033333333E0	2.410000000E2	2.377924496E2	1.210965893E2
8.066666667E0	2.420000000E2	2.368037497E2	1.211068985E2
8.100000000E0	2.430000000E2	2.358112083E2	1.211636710E2
8.133333333E0	2.440000000E2	2.347257134E2	1.217545606E2
8.166666667E0	2.450000000E2	2.336123755E2	1.224884952E2
8.200000000E0	2.460000000E2	2.320435347E2	1.223996767E2
8.233333333E0	2.470000000E2	2.310155191E2	1.225484832E2
8.266666667E0	2.480000000E2	2.299533024E2	1.222483271E2
8.300000000E0	2.490000000E2	2.297686154E2	1.216866108E2
8.333333333E0	2.500000000E2	2.297998478E2	1.212326857E2
8.366666667E0	2.510000000E2	2.307632114E2	1.207929884E2
8.400000000E0	2.520000000E2	2.317668858E2	1.207853701E2
8.433333333E0	2.530000000E2	2.331099242E2	1.204508955E2
8.466666667E0	2.540000000E2	2.347426846E2	1.204312518E2
8.500000000E0	2.550000000E2	2.358151786E2	1.198577531E2
8.533333333E0	2.560000000E2	2.375820773E2	1.198758895E2
8.566666667E0	2.570000000E2	2.390837474E2	1.196695438E2
8.600000000E0	2.580000000E2	2.407525186E2	1.198589351E2
8.633333333E0	2.590000000E2	2.428296995E2	1.203998203E2
8.666666667E0	2.600000000E2	2.448010520E2	1.207828796E2
8.700000000E0	2.610000000E2	2.469368191E2	1.216006377E2
8.733333333E0	2.620000000E2	2.494914220E2	1.218779651E2
8.766666667E0	2.630000000E2	2.517559847E2	1.222066826E2
8.800000000E0	2.640000000E2	2.538188084E2	1.219890081E2
8.833333333E0	2.650000000E2	2.560474874E2	1.222817241E2
8.866666667E0	2.660000000E2	2.580556146E2	1.226425682E2
8.900000000E0	2.670000000E2	2.599616466E2	1.228599056E2
8.933333333E0	2.680000000E2	2.620193286E2	1.231446574E2
8.966666667E0	2.690000000E2	2.639827630E2	1.236507318E2
9.000000000E0	2.700000000E2	2.656501918E2	1.239431311E2
9.033333333E0	2.710000000E2	2.669441935E2	1.244348622E2
9.066666667E0	2.720000000E2	2.679829812E2	1.247503193E2
9.100000000E0	2.730000000E2	2.685800282E2	1.250109267E2
9.133333333E0	2.740000000E2	2.687183689E2	1.248497347E2
9.166666667E0	2.750000000E2	2.687841895E2	1.248583484E2
9.200000000E0	2.760000000E2	2.688260389E2	1.249673263E2
9.233333333E0	2.770000000E2	2.687755907E2	1.252970383E2
9.266666667E0	2.780000000E2	2.687058122E2	1.255996164E2
9.300000000E0	2.790000000E2	2.688166946E2	1.257856730E2
9.333333333E0	2.800000000E2	2.690988434E2	1.257337208E2
9.366666667E0	2.810000000E2	2.695736329E2	1.256488447E2
9.400000000E0	2.820000000E2	2.696219674E2	1.257775732E2
9.433333333E0	2.830000000E2	2.698085145E2	1.257429442E2
9.466666667E0	2.840000000E2	2.696478543E2	1.257199900E2
9.500000000E0	2.850000000E2	2.696209189E2	1.255626044E2
9.533333333E0	2.860000000E2	2.696154442E2	1.255341437E2
9.566666667E0	2.870000000E2	2.693526512E2	1.256017802E2
9.600000000E0	2.880000000E2	2.694573229E2	1.254413417E2
9.633333333E0	2.890000000E2	2.695904438E2	1.255453754E2
9.666666667E0	2.900000000E2	2.697109018E2	1.255623980E2
9.700000000E0	2.910000000E2	2.698262615E2	1.257147585E2
9.733333333E0	2.920000000E2	2.696763627E2	1.256690400E2
9.766666667E0	2.930000000E2	2.696852501E2	1.257091517E2
9.800000000E0	2.940000000E2	2.690174165E2	1.257112342E2
9.833333333E0	2.950000000E2	2.686795070E2	1.255377037E2
9.866666667E0	2.960000000E2	2.679488546E2	1.253812982E2
9.900000000E0	2.970000000E2	2.676913711E2	1.252225611E2
9.933333333E0	2.980000000E2	2.669796253E2	1.253901141E2
9.966666667E0	2.990000000E2	2.666734082E2	1.252085902E2
1.000000000E1	3.000000000E2	2.663901533E2	1.248524401E2
1.003333333E1	3.010000000E2	2.660645202E2	1.248981284E2
1.006666667E1	3.020000000E2	2.659097154E2	1.248120816E2
1.010000000E1	3.030000000E2	2.659482953E2	1.246804346E2
1.013333333E1	3.040000000E2	2.658955262E2	1.247609144E2
1.016666667E1	3.050000000E2	2.661653987E2	1.246447294E2
1.020000000E1	3.060000000E2	2.662327777E2	1.248041140E2
1.023333333E1	3.070000000E2	2.666572875E2	1.248382943E2
1.026666667E1	3.080000000E2	2.667695694E2	1.247636786E2
1.030000000E1	3.090000000E2	2.670105446E2	1.246440774E2
1.033333333E1	3.100000000E2	2.677503672E2	1.247292288E2
1.036666667E1	3.110000000E2	2.684438882E2	1.247258547E2
1.040000000E1	3.120000000E2	2.694748666E2	1.241602153E2
1.043333333E1	3.130000000E2	2.707395661E2	1.239518836E2
1.046666667E1	3.140000000E2	2.723946076E2	1.239443543E2
1.050000000E1	3.150000000E2	2.739773390E2	1.237874217E2
1.053333333E1	3.160000000E2	2.759667973E2	1.238385452E2
1.056666667E1	3.170000000E2	2.777479773E2	1.237730599E2
1.060000000E1	3.180000000E2	2.795597962E2	1.237349307E2
1.063333333E1	3.190000000E2	2.809089622E2	1.237523159E2
1.066666667E1	3.200000000E2	2.820629012E2	1.235347964E2
1.070000000E1	3.210000000E2	2.827975817E2	1.236118056E2
1.073333333E1	3.220000000E2	2.835269342E2	1.236656340E2
1.076666667E1	3.230000000E2	2.837838757E2	1.235801013E2
1.080000000E1	3.240000000E2	2.839160511E2	1.232434073E2
1.083333333E1	3.250000000E2	2.837790898E2	1.229387124E2
1.086666667E1	3.260000000E2	2.837740812E2	1.228129080E2
1.090000000E1	3.270000000E2	2.837147947E2	1.227413496E2
1.093333333E1	3.280000000E2	2.837835984E2	1.226702748E2
1.096666667E1	3.290000000E2	2.837557162E2	1.227483760E2
1.100000000E1	3.300000000E2	2.837347597E2	1.227139086E2
1.103333333E1	3.310000000E2	2.836577193E2	1.226141511E2
1.106666667E1	3.320000000E2	2.831546097E2	1.224024143E2
1.110000000E1	3.330000000E2	2.826268803E2	1.222406232E2
1.113333333E1	3.340000000E2	2.818745617E2	1.218261300E2
1.116666667E1	3.350000000E2	2.808606295E2	1.217566544E2
1.120000000E1	3.360000000E2	2.797559335E2	1.215401853E2
1.123333333E1	3.370000000E2	2.782283347E2	1.213476088E2
1.126666667E1	3.380000000E2	2.767594431E2	1.212966833E2
1.130000000E1	3.390000000E2	2.752357743E2	1.219298176E2
1.133333333E1	3.400000000E2	2.730762152E2	1.221841008E2
1.136666667E1	3.410000000E2	2.716221947E2	1.227873576E2
1.140000000E1	3.420000000E2	2.696878416E2	1.236405473E2
1.143333333E1	3.430000000E2	2.679842698E2	1.240560188E2
1.146666667E1	3.440000000E2	2.666221605E2	1.245415506E2
1.150000000E1	3.450000000E2	2.649715085E2	1.246390290E2
1.153333333E1	3.460000000E2	2.638096326E2	1.247152297E2
1.156666667E1	3.470000000E2	2.628087677E2	1.247465478E2
1.160000000E1	3.480000000E2	2.618754007E2	1.248993094E2
1.163333333E1	3.490000000E2	2.612070653E2	1.248667051E2
1.166666667E1	3.500000000E2	2.606887192E2	1.250109488E2
1.170000000E1	3.510000000E2	2.598857266E2	1.248292112E2
1.173333333E1	3.520000000E2	2.597200680E2	1.249039550E2
1.176666667E1	3.530000000E2	2.594463977E2	1.250961598E2
1.180000000E1	3.540000000E2	2.589980421E2	1.249777458E2
1.183333333E1	3.550000000E2	2.587965868E2	1.249669857E2
1.186666667E1	3.560000000E2	2.587561666E2	1.248951318E2
1.190000000E1	3.570000000E2	2.586791938E2	1.248325282E2
1.193333333E1	3.580000000E2	2.587471020E2	1.247198539E2
1.196666667E1	3.590000000E2	2.587806889E2	1.247366142E2
1.200000000E1	3.600000000E2	2.588272217E2	1.247123125E2
1.203333333E1	3.610000000E2	2.590163728E2	1.246707762E2
1.206666667E1	3.620000000E2	2.594391728E2	1.249042518E2
1.210000000E1	3.630000000E2	2.597526178E2	1.249074508E2
1.213333333E1	3.640000000E2	2.598269164E2	1.247783432E2
1.216666667E1	3.650000000E2	2.600427226E2	1.247084449E2
1.220000000E1	3.660000000E2	2.605516140E2	1.248327153E2
1.223333333E1	3.670000000E2	2.607945035E2	1.246702727E2
1.226666667E1	3.680000000E2	2.609752695E2	1.247160000E2
1.230000000E1	3.690000000E2	2.615974046E2	1.247633171E2
1.233333333E1	3.700000000E2	2.618179936E2	1.247524991E2
1.236666667E1	3.710000000E2	2.620371092E2	1.245794698E2
1.240000000E1	3.720000000E2	2.625093179E2	1.248365414E2
1.243333333E1	3.730000000E2	2.628178086E2	1.246199373E2
1.246666667E1	3.740000000E2	2.628774509E2	1.246325164E2
1.250000000E1	3.750000000E2	2.629870130E2	1.246603337E2
1.253333333E1	3.760000000E2	2.628979364E2	1.247222853E2
1.256666667E1	3.770000000E2	2.634463865E2	1.248378473E2
1.260000000E1	3.780000000E2	2.636228594E2	1.248117706E2
1.263333333E1	3.790000000E2	2.637280718E2	1.248142913E2
1.266666667E1	3.800000000E2	2.637842887E2	1.248106213E2
1.270000000E1	3.810000000E2	2.637276665E2	1.247715531E2
1.273333333E1	3.820000000E2	2.637596929E2	1.248157892E2
1.276666667E1	3.830000000E2	2.635561973E2	1.250776773E2
1.280000000E1	3.840000000E2	2.633833467E2	1.249107294E2
1.283333333E1	3.850000000E2	2.632416826E2	1.247129147E2
1.286666667E1	3.860000000E2	2.629230743E2	1.246101973E2
1.290000000E1	3.870000000E2	2.627471962E2	1.246327228E2
1.293333333E1	3.880000000E2	2.626737779E2	1.245958632E2
1.296666667E1	3.890000000E2	2.624734742E2	1.247534591E2
1.300000000E1	3.900000000E2	2.621288243E2	1.247374168E2
1.303333333E1	3.910000000E2	2.620989489E2	1.247991412E2
1.306666667E1	3.920000000E2	2.624351884E2	1.250114626E2
1.310000000E1	3.930000000E2	2.627740565E2	1.248463012E2
1.313333333E1	3.940000000E2	2.630804719E2	1.248462508E2
1.316666667E1	3.950000000E2	2.635358268E2	1.247354986E2
1.320000000E1	3.960000000E2	2.638248704E2	1.247250501E2
1.323333333E1	3.970000000E2	2.641836970E2	1.246409148E2
1.326666667E1	3.980000000E2	2.643371449E2	1.248811322E2
1.330000000E1	3.990000000E2	2.645104272E2	1.248405894E2
1.333333333E1	4.000000000E2	2.647511555E2	1.249428285E2
1.336666667E1	4.010000000E2	2.646483207E2	1.250282198E2
1.340000000E1	4.020000000E2	2.648187557E2	1.255045133E2
1.343333333E1	4.030000000E2	2.647556589E2	1.256088905E2
1.346666667E1	4.040000000E2	2.648102664E2	1.256432533E2
1.350000000E1	4.050000000E2	2.647735823E2	1.257348606E2
1.353333333E1	4.060000000E2	2.648597791E2	1.257843803E2
1.356666667E1	4.070000000E2	2.649041617E2	1.257170038E2
1.360000000E1	4.080000000E2	2.648542822E2	1.257436401E2
1.363333333E1	4.090000000E2	2.648253619E2	1.257592232E2
1.366666667E1	4.100000000E2	2.649213346E2	1.257477371E2
1.370000000E1	4.110000000E2	2.648909154E2	1.257326982E2
1.373333333E1	4.120000000E2	2.648904049E2	1.256851286E2
1.376666667E1	4.130000000E2	2.646653213E2	1.256455223E2
1.380000000E1	4.140000000E2	2.643202358E2	1.256433793E2
1.383333333E1	4.150000000E2	2.639058850E2	1.252223742E2
1.386666667E1	4.160000000E2	2.637643088E2	1.248006845E2
1.390000000E1	4.170000000E2	2.634896732E2	1.240046223E2
1.393333333E1	4.180000000E2	2.635038883E2	1.238765512E2
1.396666667E1	4.190000000E2	2.629641871E2	1.232972648E2
1.400000000E1	4.200000000E2	2.625412295E2	1.235650453E2
1.403333333E1	4.210000000E2	2.617587606E2	1.235623056E2
1.406666667E1	4.220000000E2	2.608301582E2	1.236828411E2
1.410000000E1	4.230000000E2	2.602027730E2	1.233370915E2
1.413333333E1	4.240000000E2	2.598790857E2	1.236207774E2
1.416666667E1	4.250000000E2	2.596681291E2	1.238046650E2
1.420000000E1	4.260000000E2	2.596874352E2	1.236895615E2
1.423333333E1	4.270000000E2	2.596977056E2	1.237818200E2
1.426666667E1	4.280000000E2	2.597833586E2	1.237516649E2
1.430000000E1	4.290000000E2	2.599252035E2	1.237226203E2
1.433333333E1	4.300000000E2	2.607358064E2	1.239005944E2
1.436666667E1	4.310000000E2	2.610824598E2	1.239259367E2
1.440000000E1	4.320000000E2	2.615541327E2	1.242055581E2
1.443333333E1	4.330000000E2	2.618492769E2	1.240237283E2
1.446666667E1	4.340000000E2	2.621714653E2	1.238310520E2
1.450000000E1	4.350000000E2	2.625710099E2	1.238068775E2
1.453333333E1	4.360000000E2	2.629576742E2	1.235880808E2
1.456666667E1	4.370000000E2	2.635610665E2	1.234980793E2
1.460000000E1	4.380000000E2	2.636572934E2	1.230866263E2
1.463333333E1	4.390000000E2	2.640406587E2	1.227431428E2
1.466666667E1	4.400000000E2	2.642629959E2	1.225638882E2
1.470000000E1	4.410000000E2	2.647465191E2	1.225662702E2
1.473333333E1	4.420000000E2	2.648042113E2	1.222927641E2
1.476666667E1	4.430000000E2	2.648485796E2	1.219137858E2
1.480000000E1	4.440000000E2	2.653822430E2	1.218121220E2
1.483333333E1	4.450000000E2	2.655683779E2	1.211469943E2
1.486666667E1	4.460000000E2	2.657870588E2	1.207791268E2
1.490000000E1	4.470000000E2	2.656804305E2	1.206525110E2
1.493333333E1	4.480000000E2	2.654346844E2	1.206837953E2
1.496666667E1	4.490000000E2	2.647534682E2	1.207217805E2
1.500000000E1	4.500000000E2	2.640020634E2	1.207389981E2
1.503333333E1	4.510000000E2	2.635435487E2	1.211442904E2
1.506666667E1	4.520000000E2	2.629687657E2	1.213708584E2
1.510000000E1	4.530000000E2	2.623152458E2	1.218725015E2
1.513333333E1	4.540000000E2	2.620034532E2	1.220773133E2
1.516666667E1	4.550000000E2	2.619357904E2	1.220118022E2
1.520000000E1	4.560000000E2	2.619346648E2	1.219425112E2
1.523333333E1	4.570000000E2	2.623162716E2	1.220194272E2
1.526666667E1	4.580000000E2	2.627700828E2	1.220862655E2
1.530000000E1	4.590000000E2	2.628175929E2	1.222056311E2
1.533333333E1	4.600000000E2	2.628305858E2	1.221545040E2
1.536666667E1	4.610000000E2	2.630089697E2	1.224351416E2
1.540000000E1	4.620000000E2	2.626762942E2	1.226780660E2
1.543333333E1	4.630000000E2	2.622849040E2	1.226122930E2
1.546666667E1	4.640000000E2	2.618575078E2	1.227782547E2
1.550000000E1	4.650000000E2	2.616387047E2	1.228376682E2
1.553333333E1	4.660000000E2	2.610704390E2	1.227387132E2
1.556666667E1	4.670000000E2	2.608869450E2	1.227631263E2
1.560000000E1	4.680000000E2	2.608106458E2	1.227619575E2
1.563333333E1	4.690000000E2	2.607818354E2	1.227537688E2
1.566666667E1	4.700000000E2	2.606706962E2	1.227915265E2
1.570000000E1	4.710000000E2	2.607104703E2	1.228280330E2
1.573333333E1	4.720000000E2	2.607486349E2	1.228362893E2
1.576666667E1	4.730000000E2	2.609949108E2	1.226552981E2
1.580000000E1	4.740000000E2	2.616061567E2	1.227510247E2
1.583333333E1	4.750000000E2	2.621214483E2	1.224769181E2
1.586666667E1	4.760000000E2	2.628871409E2	1.224086542E2
1.590000000E1	4.770000000E2	2.629307642E2	1.221344119E2
1.593333333E1	4.780000000E2	2.638369553E2	1.225404351E2
1.596666667E1	4.790000000E2	2.640356689E2	1.225941939E2
1.600000000E1	4.800000000E2	2.643217950E2	1.228598207E2
1.603333333E1	4.810000000E2	2.646020661E2	1.229062649E2
1.606666667E1	4.820000000E2	2.647033449E2	1.228347906E2
1.610000000E1	4.830000000E2	2.646861484E2	1.228749662E2
1.613333333E1	4.840000000E2	2.642303076E2	1.227885714E2
1.616666667E1	4.850000000E2	2.637542823E2	1.228056741E2
1.620000000E1	4.860000000E2	2.635617323E2	1.228228450E2
1.623333333E1	4.870000000E2	2.629240682E2	1.227470325E2
1.626666667E1	4.880000000E2	2.625722749E2	1.228422406E2
1.630000000E1	4.890000000E2	2.619740682E2	1.226568261E2
1.633333333E1	4.900000000E2	2.617157565E2	1.227440971E2
1.636666667E1	4.910000000E2	2.610809964E2	1.226136432E2
1.640000000E1	4.920000000E2	2.609633678E2	1.224705622E2
1.643333333E1	4.930000000E2	2.608204121E2	1.226594350E2
1.646666667E1	4.940000000E2	2.608892466E2	1.226150473E2
1.650000000E1	4.950000000E2	2.609459542E2	1.226936523E2
1.653333333E1	4.960000000E2	2.611181902E2	1.225497583E2
1.656666667E1	4.970000000E2	2.610156168E2	1.227417262E2
1.660000000E1	4.980000000E2	2.615630230E2	1.229151105E2
1.663333333E1	4.990000000E2	2.618398063E2	1.227523077E2
1.666666667E1	5.000000000E2	2.620132612E2	1.227380083E2
1.670000000E1	5.010000000E2	2.624917282E2	1.227943044E2
1.673333333E1	5.020000000E2	2.628581592E2	1.226675198E2
1.676666667E1	5.030000000E2	2.629943200E2	1.226322947E2
1.680000000E1	5.040000000E2	2.630263745E2	1.227153116E2
1.683333333E1	5.050000000E2	2.630237121E2	1.226073064E2
1.686666667E1	5.060000000E2	2.632545743E2	1.227087802E2
1.690000000E1	5.070000000E2	2.631601444E2	1.227039667E2
1.693333333E1	5.080000000E2	2.630033178E2	1.227872687E2
1.696666667E1	5.090000000E2	2.631282267E2	1.229937405E2
1.700000000E1	5.100000000E2	2.636550895E2	1.234008666E2
1.703333333E1	5.110000000E2	2.637529561E2	1.233187859E2
1.706666667E1	5.120000000E2	2.637894183E2	1.232728356E2
1.710000000E1	5.130000000E2	2.637111581E2	1.229437286E2
1.713333333E1	5.140000000E2	2.638062595E2	1.225367740E2
1.716666667E1	5.150000000E2	2.637543454E2	1.228122389E2
1.720000000E1	5.160000000E2	2.637273486E2	1.229277062E2
1.723333333E1	5.170000000E2	2.636734389E2	1.231201499E2
1.726666667E1	5.180000000E2	2.636952184E2	1.231629298E2
1.730000000E1	5.190000000E2	2.637919207E2	1.228483794E2
1.733333333E1	5.200000000E2	2.637296414E2	1.227250746E2
1.736666667E1	5.210000000E2	2.637462671E2	1.227510056E2
1.740000000E1	5.220000000E2	2.637426204E2	1.228301186E2
1.743333333E1	5.230000000E2	2.636559898E2	1.228688550E2
1.746666667E1	5.240000000E2	2.636964671E2	1.229539354E2
1.750000000E1	5.250000000E2	2.636378689E2	1.228700558E2
1.753333333E1	5.260000000E2	2.637896092E2	1.227715326E2
1.756666667E1	5.270000000E2	2.637759933E2	1.227545182E2
1.760000000E1	5.280000000E2	2.638447800E2	1.227405916E2
1.763333333E1	5.290000000E2	2.638576672E2	1.228396724E2
1.766666667E1	5.300000000E2	2.638034322E2	1.229473160E2
1.770000000E1	5.310000000E2	2.639136426E2	1.228734827E2
1.773333333E1	5.320000000E2	2.638458191E2	1.228806420E2
1.776666667E1	5.330000000E2	2.639650868E2	1.227254289E2
1.780000000E1	5.340000000E2	2.638628156E2	1.227727415E2
1.783333333E1	5.350000000E2	2.639092984E2	1.228272278E2
