t	frame	pixel_{x}	pixel_{y}
0.000000000E0	0.000000000E0	3.151648352E2	2.848351648E2
3.333333333E-2	1.000000000E0	3.151641461E2	2.848453745E2
6.666666667E-2	2.000000000E0	3.151886206E2	2.849260231E2
1.000000000E-1	3.000000000E0	3.151807203E2	2.849643399E2
1.333333333E-1	4.000000000E0	3.151968135E2	2.850834410E2
1.666666667E-1	5.000000000E0	3.151455566E2	2.853746345E2
2.000000000E-1	6.000000000E0	3.151503428E2	2.854590409E2
2.333333333E-1	7.000000000E0	3.151536032E2	2.853502768E2
2.666666667E-1	8.000000000E0	3.151625707E2	2.856900987E2
3.000000000E-1	9.000000000E0	3.151899676E2	2.858568463E2
3.333333333E-1	1.000000000E1	3.151933730E2	2.859467312E2
3.666666667E-1	1.100000000E1	3.152031642E2	2.859974241E2
4.000000000E-1	1.200000000E1	3.151929060E2	2.859669083E2
4.333333333E-1	1.300000000E1	3.151894196E2	2.859770714E2
4.666666667E-1	1.400000000E1	3.151885186E2	2.858881677E2
5.000000000E-1	1.500000000E1	3.152036553E2	2.859758881E2
5.333333333E-1	1.600000000E1	3.152072998E2	2.860402586E2
5.666666667E-1	1.700000000E1	3.151992213E2	2.859644651E2
6.000000000E-1	1.800000000E1	3.152005445E2	2.860346279E2
6.333333333E-1	1.900000000E1	3.152118385E2	2.861094012E2
6.666666667E-1	2.000000000E1	3.152020723E2	2.860527504E2
7.000000000E-1	2.100000000E1	3.152155142E2	2.860597758E2
7.333333333E-1	2.200000000E1	3.152163224E2	2.861808140E2
7.666666667E-1	2.300000000E1	3.151817958E2	2.864275341E2
8.000000000E-1	2.400000000E1	3.151919881E2	2.866873051E2
8.333333333E-1	2.500000000E1	3.152174436E2	2.869426926E2
8.666666667E-1	2.600000000E1	3.152429219E2	2.870919805E2
9.000000000E-1	2.700000000E1	3.152957072E2	2.872830589E2
9.333333333E-1	2.800000000E1	3.152388096E2	2.871033521E2
9.666666667E-1	2.900000000E1	3.152519648E2	2.870270082E2
1.000000000E0	3.000000000E1	3.152054995E2	2.869282473E2
1.033333333E0	3.100000000E1	3.151878228E2	2.868638917E2
1.066666667E0	3.200000000E1	3.151862323E2	2.868637525E2
1.100000000E0	3.300000000E1	3.151744604E2	2.868841165E2
1.133333333E0	3.400000000E1	3.151510482E2	2.868257299E2
1.166666667E0	3.500000000E1	3.151578570E2	2.868240436E2
1.200000000E0	3.600000000E1	3.151534812E2	2.868033749E2
1.233333333E0	3.700000000E1	3.151700551E2	2.869319768E2
1.266666667E0	3.800000000E1	3.151617258E2	2.868853400E2
1.300000000E0	3.900000000E1	3.151717872E2	2.869343430E2
1.333333333E0	4.000000000E1	3.151823981E2	2.869620457E2
1.366666667E0	4.100000000E1	3.151558830E2	2.868404973E2
1.400000000E0	4.200000000E1	3.151161749E2	2.866913120E2
1.433333333E0	4.300000000E1	3.151447683E2	2.862667153E2
1.466666667E0	4.400000000E1	3.150914126E2	2.857694637E2
1.500000000E0	4.500000000E1	3.150653103E2	2.856422209E2
1.533333333E0	4.600000000E1	3.150816323E2	2.856165025E2
1.566666667E0	4.700000000E1	3.150774127E2	2.855359453E2
1.600000000E0	4.800000000E1	3.150750331E2	2.855896036E2
1.633333333E0	4.900000000E1	3.151527901E2	2.852801087E2
1.666666667E0	5.000000000E1	3.151542509E2	2.851142764E2
1.700000000E0	5.100000000E1	3.151332637E2	2.848849400E2
1.733333333E0	5.200000000E1	3.150854052E2	2.846572199E2
1.766666667E0	5.300000000E1	3.150547952E2	2.844222961E2
1.800000000E0	5.400000000E1	3.150423771E2	2.844363294E2
1.833333333E0	5.500000000E1	3.151526082E2	2.842479106E2
1.866666667E0	5.600000000E1	3.151282553E2	2.839696583E2
1.900000000E0	5.700000000E1	3.151159429E2	2.837858723E2
1.933333333E0	5.800000000E1	3.151071404E2	2.837836699E2
1.966666667E0	5.900000000E1	3.150882540E2	2.837006100E2
2.000000000E0	6.000000000E1	3.151516451E2	2.832942841E2
2.033333333E0	6.100000000E1	3.151582478E2	2.831236280E2
2.066666667E0	6.200000000E1	3.151620771E2	2.831570598E2
2.100000000E0	6.300000000E1	3.151596010E2	2.829303027E2
2.133333333E0	6.400000000E1	3.152017596E2	2.831683626E2
2.166666667E0	6.500000000E1	3.152046780E2	2.831885963E2
2.200000000E0	6.600000000E1	3.152226429E2	2.833179392E2
2.233333333E0	6.700000000E1	3.152105484E2	2.831807629E2
2.266666667E0	6.800000000E1	3.152030021E2	2.831759936E2
2.300000000E0	6.900000000E1	3.151885803E2	2.830099373E2
2.333333333E0	7.000000000E1	3.151789539E2	2.829322476E2
2.366666667E0	7.100000000E1	3.151460281E2	2.827263279E2
2.400000000E0	7.200000000E1	3.151075302E2	2.824035583E2
2.433333333E0	7.300000000E1	3.150932540E2	2.817429679E2
2.466666667E0	7.400000000E1	3.142030258E2	2.829679249E2
2.500000000E0	7.500000000E1	3.131998307E2	2.836668260E2
2.533333333E0	7.600000000E1	3.122601058E2	2.840425445E2
2.566666667E0	7.700000000E1	3.111801433E2	2.832544746E2
2.600000000E0	7.800000000E1	3.092981585E2	2.842129569E2
2.633333333E0	7.900000000E1	3.081803233E2	2.839785287E2
2.666666667E0	8.000000000E1	3.081428794E2	2.832122795E2
2.700000000E0	8.100000000E1	3.086365747E2	2.832325173E2
2.733333333E0	8.200000000E1	3.100600216E2	2.830628539E2
2.766666667E0	8.300000000E1	3.119399548E2	2.837387739E2
2.800000000E0	8.400000000E1	3.132508655E2	2.830500631E2
2.833333333E0	8.500000000E1	3.141142973E2	2.834070918E2
2.866666667E0	8.600000000E1	3.142355679E2	2.831178714E2
2.900000000E0	8.700000000E1	3.150831436E2	2.838028947E2
2.933333333E0	8.800000000E1	3.160965328E2	2.839187999E2
2.966666667E0	8.900000000E1	3.170804337E2	2.839273570E2
3.000000000E0	9.000000000E1	3.180134198E2	2.839599198E2
3.033333333E0	9.100000000E1	3.181416270E2	2.830256756E2
3.066666667E0	9.200000000E1	3.180783844E2	2.836006091E2
3.100000000E0	9.300000000E1	3.170765155E2	2.833203127E2
3.133333333E0	9.400000000E1	3.161494784E2	2.836369463E2
3.166666667E0	9.500000000E1	3.150979886E2	2.847189713E2
3.200000000E0	9.600000000E1	3.132178898E2	2.841001285E2
3.233333333E0	9.700000000E1	3.121743685E2	2.847080392E2
3.266666667E0	9.800000000E1	3.110812597E2	2.847314642E2
3.300000000E0	9.900000000E1	3.098786348E2	2.846035770E2
3.333333333E0	1.000000000E2	3.089055970E2	2.840481512E2
3.366666667E0	1.010000000E2	3.081588340E2	2.834643563E2
3.400000000E0	1.020000000E2	3.074414435E2	2.833185535E2
3.433333333E0	1.030000000E2	3.070575285E2	2.823647938E2
3.466666667E0	1.040000000E2	3.070634082E2	2.826113171E2
3.500000000E0	1.050000000E2	3.072134977E2	2.833599980E2
3.533333333E0	1.060000000E2	3.080473467E2	2.829973523E2
3.566666667E0	1.070000000E2	3.089398991E2	2.831516225E2
3.600000000E0	1.080000000E2	3.100748521E2	2.832908494E2
3.633333333E0	1.090000000E2	3.110492580E2	2.835896743E2
3.666666667E0	1.100000000E2	3.121065985E2	2.836662417E2
3.700000000E0	1.110000000E2	3.130870361E2	2.836959619E2
3.733333333E0	1.120000000E2	3.134110625E2	2.851531607E2
3.766666667E0	1.130000000E2	3.141945570E2	2.842850818E2
3.800000000E0	1.140000000E2	3.142990964E2	2.850283111E2
3.833333333E0	1.150000000E2	3.150352430E2	2.837998121E2
3.866666667E0	1.160000000E2	3.151771159E2	2.845765314E2
3.900000000E0	1.170000000E2	3.160444668E2	2.834608796E2
3.933333333E0	1.180000000E2	3.161978534E2	2.845467718E2
3.966666667E0	1.190000000E2	3.170082256E2	2.835300583E2
4.000000000E0	1.200000000E2	3.172057465E2	2.843030439E2
4.033333333E0	1.210000000E2	3.172049470E2	2.847071200E2
4.066666667E0	1.220000000E2	3.173143143E2	2.856015405E2
4.100000000E0	1.230000000E2	3.181003825E2	2.841569208E2
4.133333333E0	1.240000000E2	3.182191726E2	2.850946310E2
4.166666667E0	1.250000000E2	3.182379917E2	2.855710968E2
4.200000000E0	1.260000000E2	3.182851554E2	2.859745438E2
4.233333333E0	1.270000000E2	3.182648651E2	2.860966963E2
4.266666667E0	1.280000000E2	3.182840120E2	2.860992118E2
4.300000000E0	1.290000000E2	3.182756893E2	2.864368050E2
4.333333333E0	1.300000000E2	3.183516617E2	2.869659552E2
4.366666667E0	1.310000000E2	3.189775731E2	2.846418417E2
4.400000000E0	1.320000000E2	3.190768698E2	2.847578787E2
4.433333333E0	1.330000000E2	3.190726899E2	2.843085434E2
4.466666667E0	1.340000000E2	3.190589616E2	2.839414726E2
4.500000000E0	1.350000000E2	3.189835553E2	2.836983182E2
4.533333333E0	1.360000000E2	3.182638294E2	2.856652955E2
4.566666667E0	1.370000000E2	3.182284585E2	2.852611306E2
4.600000000E0	1.380000000E2	3.181415273E2	2.847195767E2
4.633333333E0	1.390000000E2	3.181534025E2	2.841728887E2
4.666666667E0	1.400000000E2	3.181402367E2	2.839202856E2
4.700000000E0	1.410000000E2	3.181502201E2	2.839752590E2
4.733333333E0	1.420000000E2	3.181876357E2	2.840814738E2
4.766666667E0	1.430000000E2	3.182167978E2	2.846448630E2
4.800000000E0	1.440000000E2	3.190737870E2	2.831304887E2
4.833333333E0	1.450000000E2	3.191680153E2	2.838937178E2
4.866666667E0	1.460000000E2	3.200679672E2	2.829544567E2
4.900000000E0	1.470000000E2	3.202031652E2	2.843554199E2
4.933333333E0	1.480000000E2	3.212123926E2	2.840814649E2
4.966666667E0	1.490000000E2	3.221396628E2	2.834984671E2
5.000000000E0	1.500000000E2	3.231755536E2	2.831424062E2
5.033333333E0	1.510000000E2	3.241410818E2	2.821430524E2
5.066666667E0	1.520000000E2	3.250642572E2	2.811641752E2
5.100000000E0	1.530000000E2	3.252784007E2	2.831449839E2
5.133333333E0	1.540000000E2	3.261760656E2	2.816850205E2
5.166666667E0	1.550000000E2	3.271242408E2	2.800496679E2
5.200000000E0	1.560000000E2	3.271502716E2	2.806101574E2
5.233333333E0	1.570000000E2	3.271055560E2	2.793529661E2
5.266666667E0	1.580000000E2	3.261822775E2	2.797897874E2
5.300000000E0	1.590000000E2	3.251355055E2	2.780281593E2
5.333333333E0	1.600000000E2	3.231811056E2	2.790962475E2
5.366666667E0	1.610000000E2	3.211806926E2	2.798167906E2
5.400000000E0	1.620000000E2	3.191745606E2	2.813689396E2
5.433333333E0	1.630000000E2	3.182151814E2	2.810466793E2
5.466666667E0	1.640000000E2	3.181489635E2	2.798708691E2
5.500000000E0	1.650000000E2	3.181758490E2	2.817747885E2
5.533333333E0	1.660000000E2	3.191279707E2	2.805930973E2
5.566666667E0	1.670000000E2	3.201399035E2	2.806535453E2
5.600000000E0	1.680000000E2	3.211446230E2	2.814440795E2
5.633333333E0	1.690000000E2	3.221636697E2	2.810266487E2
5.666666667E0	1.700000000E2	3.230449115E2	2.786383571E2
5.700000000E0	1.710000000E2	3.231484265E2	2.790759899E2
5.733333333E0	1.720000000E2	3.231367532E2	2.789179126E2
5.766666667E0	1.730000000E2	3.230715786E2	2.776546176E2
5.800000000E0	1.740000000E2	3.221640026E2	2.790395381E2
5.833333333E0	1.750000000E2	3.211866012E2	2.802011564E2
5.866666667E0	1.760000000E2	3.201929793E2	2.816409783E2
5.900000000E0	1.770000000E2	3.191896475E2	2.833976372E2
5.933333333E0	1.780000000E2	3.191382555E2	2.810910056E2
5.966666667E0	1.790000000E2	3.182291982E2	2.851273905E2
6.000000000E0	1.800000000E2	3.180682302E2	2.853667822E2
6.033333333E0	1.810000000E2	3.180624444E2	2.856747185E2
6.066666667E0	1.820000000E2	3.171643081E2	2.876863862E2
6.100000000E0	1.830000000E2	3.161861137E2	2.887192139E2
6.133333333E0	1.840000000E2	3.161287923E2	2.878371134E2
6.166666667E0	1.850000000E2	3.173385136E2	2.876282816E2
6.200000000E0	1.860000000E2	3.212776925E2	2.864592010E2
6.233333333E0	1.870000000E2	3.309890110E2	2.778021978E2
6.266666667E0	1.880000000E2	3.424175824E2	2.795604396E2
6.300000000E0	1.890000000E2	3.600000000E2	2.663736264E2
6.333333333E0	1.900000000E2	3.696703297E2	2.584615385E2
6.366666667E0	1.910000000E2	3.907692308E2	2.373626374E2
6.400000000E0	1.920000000E2	4.021978022E2	2.153846154E2
6.433333333E0	1.930000000E2	4.127472527E2	1.872527473E2
6.466666667E0	1.940000000E2	4.171428571E2	1.626373626E2
6.500000000E0	1.950000000E2	4.197802198E2	1.397802198E2
6.533333333E0	1.960000000E2	4.197802198E2	1.204395604E2
6.566666667E0	1.970000000E2	4.136263736E2	1.054945055E2
6.600000000E0	1.980000000E2	4.057142857E2	9.670329670E1
6.633333333E0	1.990000000E2	4.021978022E2	9.494505495E1
6.666666667E0	2.000000000E2	4.057142857E2	9.230769231E1
6.700000000E0	2.010000000E2	4.074725275E2	9.670329670E1
6.733333333E0	2.020000000E2	4.092307692E2	1.054945055E2
6.766666667E0	2.030000000E2	4.136263736E2	1.151648352E2
6.800000000E0	2.040000000E2	4.145054945E2	1.248351648E2
6.833333333E0	2.050000000E2	4.180219780E2	1.345054945E2
6.866666667E0	2.060000000E2	4.180219780E2	1.459340659E2
6.900000000E0	2.070000000E2	4.189010989E2	1.564835165E2
6.933333333E0	2.080000000E2	4.215384615E2	1.670329670E2
6.966666667E0	2.090000000E2	4.197802198E2	1.775824176E2
7.000000000E0	2.100000000E2	4.180219780E2	1.872527473E2
7.033333333E0	2.110000000E2	4.171428571E2	2.030769231E2
7.066666667E0	2.120000000E2	4.118681319E2	2.171428571E2
7.133333333E0	2.140000000E2	3.942857143E2	2.470329670E2
7.166666667E0	2.150000000E2	3.784615385E2	2.619780220E2
7.200000000E0	2.160000000E2	3.643956044E2	2.786813187E2
7.233333333E0	2.170000000E2	3.485714286E2	2.857142857E2
7.266666667E0	2.180000000E2	3.283516484E2	2.901098901E2
7.300000000E0	2.190000000E2	3.160439560E2	2.901098901E2
7.333333333E0	2.200000000E2	3.098901099E2	2.874725275E2
7.366666667E0	2.210000000E2	3.072527473E2	2.865934066E2
7.400000000E0	2.220000000E2	3.090109890E2	2.883516484E2
7.433333333E0	2.230000000E2	3.090109890E2	2.848351648E2
7.466666667E0	2.240000000E2	3.090109890E2	2.865934066E2
7.500000000E0	2.250000000E2	3.098901099E2	2.883516484E2
7.533333333E0	2.260000000E2	3.081318681E2	2.874725275E2
7.566666667E0	2.270000000E2	3.054945055E2	2.874725275E2
7.600000000E0	2.280000000E2	3.054945055E2	2.918681319E2
7.633333333E0	2.290000000E2	3.028571429E2	2.883516484E2
7.666666667E0	2.300000000E2	3.046153846E2	2.848351648E2
7.700000000E0	2.310000000E2	3.002197802E2	2.839560440E2
7.733333333E0	2.320000000E2	3.028571429E2	2.857142857E2
7.766666667E0	2.330000000E2	2.993406593E2	2.804395604E2
7.800000000E0	2.340000000E2	3.028571429E2	2.778021978E2
7.833333333E0	2.350000000E2	3.072527473E2	2.760439560E2
7.866666667E0	2.360000000E2	3.125274725E2	2.760439560E2
7.900000000E0	2.370000000E2	3.204395604E2	2.707692308E2
7.933333333E0	2.380000000E2	3.274725275E2	2.690109890E2
7.966666667E0	2.390000000E2	3.345054945E2	2.628571429E2
8.000000000E0	2.400000000E2	3.353846154E2	2.514285714E2
8.033333333E0	2.410000000E2	3.362637363E2	2.470329670E2
8.066666667E0	2.420000000E2	3.415384615E2	2.470329670E2
8.100000000E0	2.430000000E2	3.450549451E2	2.435164835E2
8.133333333E0	2.440000000E2	3.459340659E2	2.408791209E2
8.166666667E0	2.450000000E2	3.459340659E2	2.408791209E2
8.200000000E0	2.460000000E2	3.485714286E2	2.408791209E2
8.233333333E0	2.470000000E2	3.459340659E2	2.408791209E2
8.266666667E0	2.480000000E2	3.450549451E2	2.505494505E2
8.300000000E0	2.490000000E2	3.415384615E2	2.523076923E2
8.333333333E0	2.500000000E2	3.406593407E2	2.523076923E2
8.366666667E0	2.510000000E2	3.336263736E2	2.567032967E2
8.400000000E0	2.520000000E2	3.327472527E2	2.619780220E2
8.433333333E0	2.530000000E2	3.301098901E2	2.637362637E2
8.466666667E0	2.540000000E2	3.265934066E2	2.637362637E2
8.500000000E0	2.550000000E2	3.230769231E2	2.672527473E2
8.533333333E0	2.560000000E2	3.186813187E2	2.690109890E2
8.566666667E0	2.570000000E2	3.160439560E2	2.663736264E2
8.600000000E0	2.580000000E2	3.157553427E2	2.776713338E2
8.633333333E0	2.590000000E2	3.132792926E2	2.755490052E2
8.666666667E0	2.600000000E2	3.125000000E2	2.750000000E2
8.700000000E0	2.610000000E2	3.125000000E2	2.755000000E2
8.733333333E0	2.620000000E2	3.120000000E2	2.790000000E2
9.000000000E0	2.700000000E2	3.171702284E2	2.805011054E2
9.033333333E0	2.710000000E2	3.189388357E2	2.801473839E2
9.066666667E0	2.720000000E2	3.192925571E2	2.822697126E2
9.100000000E0	2.730000000E2	3.192925571E2	2.822697126E2
9.133333333E0	2.740000000E2	3.210611643E2	2.829771555E2
9.166666667E0	2.750000000E2	3.210611643E2	2.833308769E2
9.200000000E0	2.760000000E2	3.210611643E2	2.833308769E2
9.233333333E0	2.770000000E2	3.210611643E2	2.833308769E2
9.266666667E0	2.780000000E2	3.217686072E2	2.847457627E2
9.300000000E0	2.790000000E2	3.217686072E2	2.847457627E2
9.333333333E0	2.800000000E2	3.217686072E2	2.847457627E2
9.366666667E0	2.810000000E2	3.214148858E2	2.826234340E2
9.400000000E0	2.820000000E2	3.214148858E2	2.840383198E2
9.433333333E0	2.830000000E2	3.214148858E2	2.840383198E2
9.466666667E0	2.840000000E2	3.214148858E2	2.840383198E2
9.500000000E0	2.850000000E2	3.200000000E2	2.840383198E2
9.533333333E0	2.860000000E2	3.200000000E2	2.833308769E2
9.566666667E0	2.870000000E2	3.200000000E2	2.833308769E2
9.600000000E0	2.880000000E2	3.200000000E2	2.833308769E2
9.633333333E0	2.890000000E2	3.196462786E2	2.826234340E2
9.666666667E0	2.900000000E2	3.196462786E2	2.833308769E2
9.700000000E0	2.910000000E2	3.196462786E2	2.833308769E2
9.733333333E0	2.920000000E2	3.189388357E2	2.833308769E2
9.766666667E0	2.930000000E2	3.189388357E2	2.833308769E2
9.800000000E0	2.940000000E2	3.189388357E2	2.833308769E2
9.833333333E0	2.950000000E2	3.164627856E2	2.819159912E2
9.866666667E0	2.960000000E2	3.164627856E2	2.822697126E2
9.900000000E0	2.970000000E2	3.164627856E2	2.822697126E2
9.933333333E0	2.980000000E2	3.164627856E2	2.822697126E2
9.966666667E0	2.990000000E2	3.164627856E2	2.822697126E2
1.000000000E1	3.000000000E2	3.164627856E2	2.822697126E2
1.003333333E1	3.010000000E2	3.164627856E2	2.822697126E2
1.006666667E1	3.020000000E2	3.164627856E2	2.822697126E2
1.010000000E1	3.030000000E2	3.164627856E2	2.822697126E2
1.013333333E1	3.040000000E2	3.161090641E2	2.829771555E2
1.016666667E1	3.050000000E2	3.161090641E2	2.829771555E2
1.020000000E1	3.060000000E2	3.161090641E2	2.829771555E2
1.023333333E1	3.070000000E2	3.161090641E2	2.829771555E2
1.026666667E1	3.080000000E2	3.178776713E2	2.850994842E2
1.030000000E1	3.090000000E2	3.185851142E2	2.829771555E2
1.033333333E1	3.100000000E2	3.185851142E2	2.829771555E2
1.036666667E1	3.110000000E2	3.171702284E2	2.829771555E2
1.040000000E1	3.120000000E2	3.189388357E2	2.836845984E2
1.043333333E1	3.130000000E2	3.175239499E2	2.843920413E2
1.046666667E1	3.140000000E2	3.196462786E2	2.847457627E2
1.050000000E1	3.150000000E2	3.221223287E2	2.840383198E2
1.053333333E1	3.160000000E2	3.221223287E2	2.840383198E2
1.056666667E1	3.170000000E2	3.221223287E2	2.840383198E2
1.060000000E1	3.180000000E2	3.235372144E2	2.847457627E2
1.063333333E1	3.190000000E2	3.231834930E2	2.833308769E2
1.066666667E1	3.200000000E2	3.256595431E2	2.858069270E2
1.070000000E1	3.210000000E2	3.256595431E2	2.854532056E2
1.073333333E1	3.220000000E2	3.288430361E2	2.858069270E2
1.076666667E1	3.230000000E2	3.299042004E2	2.854532056E2
1.080000000E1	3.240000000E2	3.277818718E2	2.840383198E2
1.083333333E1	3.250000000E2	3.277818718E2	2.840383198E2
1.086666667E1	3.260000000E2	3.277818718E2	2.840383198E2
1.090000000E1	3.270000000E2	3.263669860E2	2.822697126E2
1.093333333E1	3.280000000E2	3.253058217E2	2.833308769E2
1.096666667E1	3.290000000E2	3.253058217E2	2.829771555E2
1.100000000E1	3.300000000E2	3.253058217E2	2.819159912E2
1.103333333E1	3.310000000E2	3.228297716E2	2.836845984E2
1.106666667E1	3.320000000E2	3.228297716E2	2.847457627E2
1.110000000E1	3.330000000E2	3.228297716E2	2.847457627E2
1.113333333E1	3.340000000E2	3.210611643E2	2.843920413E2
1.116666667E1	3.350000000E2	3.196462786E2	2.836845984E2
1.120000000E1	3.360000000E2	3.185851142E2	2.833308769E2
1.123333333E1	3.370000000E2	3.168165070E2	2.833308769E2
1.126666667E1	3.380000000E2	3.157553427E2	2.822697126E2
1.130000000E1	3.390000000E2	3.146941783E2	2.822697126E2
1.133333333E1	3.400000000E2	3.132792926E2	2.840383198E2
1.136666667E1	3.410000000E2	3.122181282E2	2.840383198E2
1.140000000E1	3.420000000E2	3.122181282E2	2.847457627E2
1.143333333E1	3.430000000E2	3.115106853E2	2.850994842E2
1.146666667E1	3.440000000E2	3.108032424E2	2.833308769E2
1.150000000E1	3.450000000E2	3.100957996E2	2.833308769E2
1.153333333E1	3.460000000E2	3.097420781E2	2.833308769E2
1.156666667E1	3.470000000E2	3.090346352E2	2.833308769E2
1.160000000E1	3.480000000E2	3.079734709E2	2.850994842E2
1.163333333E1	3.490000000E2	3.108032424E2	2.843920413E2
1.166666667E1	3.500000000E2	3.139867354E2	2.826234340E2
1.170000000E1	3.510000000E2	3.185851142E2	2.829771555E2
1.173333333E1	3.520000000E2	3.260132646E2	2.794399410E2
1.176666667E1	3.530000000E2	3.352100221E2	2.787324982E2
1.180000000E1	3.540000000E2	3.454679440E2	2.751952837E2
1.183333333E1	3.550000000E2	3.574944731E2	2.709506264E2
1.186666667E1	3.560000000E2	3.681061164E2	2.649373618E2
1.190000000E1	3.570000000E2	3.758879882E2	2.592778187E2
1.193333333E1	3.580000000E2	3.857921887E2	2.529108327E2
1.196666667E1	3.590000000E2	3.907442889E2	2.465438467E2
1.200000000E1	3.600000000E2	3.946352248E2	2.401768607E2
1.203333333E1	3.610000000E2	3.960501105E2	2.369933677E2
1.206666667E1	3.620000000E2	3.974649963E2	2.345173176E2
1.210000000E1	3.630000000E2	3.967575534E2	2.359322034E2
1.213333333E1	3.640000000E2	3.949889462E2	2.405305822E2
1.216666667E1	3.650000000E2	3.921591746E2	2.433603537E2
1.220000000E1	3.660000000E2	3.886219602E2	2.504347826E2
1.223333333E1	3.670000000E2	3.857921887E2	2.557406043E2
1.226666667E1	3.680000000E2	3.808400884E2	2.614001474E2
1.230000000E1	3.690000000E2	3.723507738E2	2.681208548E2
1.233333333E1	3.700000000E2	3.638614591E2	2.748415623E2
1.236666667E1	3.710000000E2	3.536035372E2	2.808548268E2
1.240000000E1	3.720000000E2	3.444067797E2	2.882829772E2
1.243333333E1	3.730000000E2	3.359174650E2	2.911127487E2
1.246666667E1	3.740000000E2	3.288430361E2	2.914664702E2
1.250000000E1	3.750000000E2	3.217686072E2	2.904053058E2
1.253333333E1	3.760000000E2	3.175239499E2	2.896978629E2
1.256666667E1	3.770000000E2	3.150478998E2	2.889904200E2
1.260000000E1	3.780000000E2	3.143404569E2	2.879292557E2
1.263333333E1	3.790000000E2	3.129255711E2	2.879292557E2
1.266666667E1	3.800000000E2	3.118644068E2	2.879292557E2
1.270000000E1	3.810000000E2	3.104495210E2	2.889904200E2
1.273333333E1	3.820000000E2	3.090346352E2	2.893441415E2
1.276666667E1	3.830000000E2	3.079734709E2	2.886366986E2
1.280000000E1	3.840000000E2	3.129255711E2	2.875755343E2
1.283333333E1	3.850000000E2	3.164627856E2	2.875755343E2
1.286666667E1	3.860000000E2	3.302579219E2	2.843920413E2
1.290000000E1	3.870000000E2	3.504200442E2	2.801473839E2
1.293333333E1	3.880000000E2	3.677523950E2	2.638761975E2
1.296666667E1	3.890000000E2	3.939277819E2	2.419454679E2
1.300000000E1	3.900000000E2	4.087840825E2	2.072807664E2
1.303333333E1	3.910000000E2	4.229329403E2	1.765070007E2
1.306666667E1	3.920000000E2	4.264701548E2	1.421960206E2
1.310000000E1	3.930000000E2	4.222254974E2	1.078850405E2
1.313333333E1	3.940000000E2	4.031245394E2	8.064848931E1
1.316666667E1	3.950000000E2	3.850847458E2	6.119380987E1
1.320000000E1	3.960000000E2	3.670449521E2	4.598378777E1
1.323333333E1	3.970000000E2	3.465291083E2	3.289609433E1
1.326666667E1	3.980000000E2	3.309653648E2	2.794399410E1
1.330000000E1	3.990000000E2	3.171702284E2	2.476050111E1
1.333333333E1	4.000000000E2	3.033750921E2	2.511422255E1
1.336666667E1	4.010000000E2	2.959469418E2	2.405305822E1
1.340000000E1	4.020000000E2	2.888725129E2	2.440677966E1
1.343333333E1	4.030000000E2	2.839204127E2	2.405305822E1
1.346666667E1	4.040000000E2	2.800294768E2	2.652910833E1
1.350000000E1	4.050000000E2	2.782608696E2	2.617538688E1
1.353333333E1	4.060000000E2	2.793220339E2	2.582166544E1
1.356666667E1	4.070000000E2	2.793220339E2	2.511422255E1
1.360000000E1	4.080000000E2	2.825055269E2	2.511422255E1
1.363333333E1	4.090000000E2	2.825055269E2	2.511422255E1
1.366666667E1	4.100000000E2	2.849815770E2	2.546794399E1
1.370000000E1	4.110000000E2	2.892262343E2	2.582166544E1
1.373333333E1	4.120000000E2	2.924097273E2	2.652910833E1
1.376666667E1	4.130000000E2	3.023139278E2	2.652910833E1
1.380000000E1	4.140000000E2	3.051436993E2	2.688282977E1
1.383333333E1	4.150000000E2	3.182313928E2	2.794399410E1
1.386666667E1	4.160000000E2	3.313190862E2	3.148120855E1
1.390000000E1	4.170000000E2	3.419307296E2	3.572586588E1
1.393333333E1	4.180000000E2	3.589093589E2	4.386145910E1
1.396666667E1	4.190000000E2	3.765954311E2	5.588798821E1
1.400000000E1	4.200000000E2	3.921591746E2	7.357406043E1
1.403333333E1	4.210000000E2	4.059543110E2	9.408990420E1
1.406666667E1	4.220000000E2	4.137361828E2	1.206190125E2
1.410000000E1	4.230000000E2	4.172733972E2	1.496241710E2
1.413333333E1	4.240000000E2	4.176271186E2	1.754458364E2
1.416666667E1	4.250000000E2	4.133824613E2	2.016212233E2
1.420000000E1	4.260000000E2	4.048931466E2	2.281503316E2
1.423333333E1	4.270000000E2	3.864996315E2	2.465438467E2
1.426666667E1	4.280000000E2	3.709358880E2	2.617538688E2
1.430000000E1	4.290000000E2	3.557258659E2	2.759027266E2
1.433333333E1	4.300000000E2	3.465291083E2	2.794399410E2
1.436666667E1	4.310000000E2	3.348563007E2	2.847457627E2
1.440000000E1	4.320000000E2	3.260132646E2	2.850994842E2
1.443333333E1	4.330000000E2	3.207074429E2	2.858069270E2
1.446666667E1	4.340000000E2	3.175239499E2	2.861606485E2
1.450000000E1	4.350000000E2	3.143404569E2	2.868680914E2
1.453333333E1	4.360000000E2	3.132792926E2	2.858069270E2
1.456666667E1	4.370000000E2	3.111569639E2	2.850994842E2
1.460000000E1	4.380000000E2	3.118644068E2	2.850994842E2
1.463333333E1	4.390000000E2	3.115106853E2	2.850994842E2
1.466666667E1	4.400000000E2	3.115106853E2	2.850994842E2
1.470000000E1	4.410000000E2	3.132792926E2	2.872218128E2
1.473333333E1	4.420000000E2	3.118644068E2	2.872218128E2
1.476666667E1	4.430000000E2	3.118644068E2	2.865143699E2
1.480000000E1	4.440000000E2	3.118644068E2	2.865143699E2
1.483333333E1	4.450000000E2	3.086809138E2	2.865143699E2
1.486666667E1	4.460000000E2	3.086809138E2	2.865143699E2
1.490000000E1	4.470000000E2	3.100957996E2	2.865143699E2
1.493333333E1	4.480000000E2	3.115106853E2	2.865143699E2
1.496666667E1	4.490000000E2	3.104495210E2	2.872218128E2
1.500000000E1	4.500000000E2	3.104495210E2	2.875755343E2
1.503333333E1	4.510000000E2	3.100957996E2	2.875755343E2
1.506666667E1	4.520000000E2	3.100957996E2	2.875755343E2
1.510000000E1	4.530000000E2	3.097420781E2	2.875755343E2
1.513333333E1	4.540000000E2	3.097500000E2	2.867500000E2
1.516666667E1	4.550000000E2	3.098750000E2	2.867500000E2
1.520000000E1	4.560000000E2	3.093883567E2	2.850994842E2
1.523333333E1	4.570000000E2	3.101250000E2	2.875000000E2
1.526666667E1	4.580000000E2	3.095000000E2	2.883750000E2
1.530000000E1	4.590000000E2	3.100000000E2	2.880000000E2
1.533333333E1	4.600000000E2	3.110000000E2	2.870000000E2
1.536666667E1	4.610000000E2	3.110000000E2	2.870000000E2
1.540000000E1	4.620000000E2	3.123750000E2	2.868750000E2
1.543333333E1	4.630000000E2	3.123750000E2	2.860000000E2
1.546666667E1	4.640000000E2	3.133750000E2	2.862500000E2
1.550000000E1	4.650000000E2	3.140000000E2	2.852500000E2
1.553333333E1	4.660000000E2	3.142500000E2	2.848750000E2
1.556666667E1	4.670000000E2	3.151250000E2	2.845000000E2
1.560000000E1	4.680000000E2	3.133750000E2	2.861250000E2
1.563333333E1	4.690000000E2	3.146250000E2	2.857500000E2
1.566666667E1	4.700000000E2	3.152500000E2	2.856250000E2
1.570000000E1	4.710000000E2	3.153750000E2	2.855000000E2
1.573333333E1	4.720000000E2	3.156250000E2	2.858750000E2
1.576666667E1	4.730000000E2	3.165000000E2	2.847500000E2
1.580000000E1	4.740000000E2	3.171250000E2	2.843750000E2
1.583333333E1	4.750000000E2	3.166250000E2	2.845000000E2
1.586666667E1	4.760000000E2	3.167500000E2	2.838750000E2
1.590000000E1	4.770000000E2	3.176250000E2	2.842500000E2
1.593333333E1	4.780000000E2	3.176250000E2	2.842500000E2
1.596666667E1	4.790000000E2	3.182500000E2	2.841250000E2
1.600000000E1	4.800000000E2	3.186250000E2	2.838750000E2
1.603333333E1	4.810000000E2	3.188750000E2	2.833750000E2
1.606666667E1	4.820000000E2	3.182500000E2	2.840000000E2
1.610000000E1	4.830000000E2	3.180000000E2	2.840000000E2
1.613333333E1	4.840000000E2	3.176250000E2	2.843750000E2
1.616666667E1	4.850000000E2	3.175000000E2	2.843750000E2
1.620000000E1	4.860000000E2	3.168750000E2	2.845000000E2
1.623333333E1	4.870000000E2	3.167500000E2	2.845000000E2
1.626666667E1	4.880000000E2	3.162500000E2	2.840000000E2
1.630000000E1	4.890000000E2	3.162500000E2	2.840000000E2
1.633333333E1	4.900000000E2	3.162500000E2	2.838750000E2
1.636666667E1	4.910000000E2	3.162500000E2	2.838750000E2
1.640000000E1	4.920000000E2	3.162500000E2	2.838750000E2
1.643333333E1	4.930000000E2	3.162500000E2	2.838750000E2
1.646666667E1	4.940000000E2	3.162500000E2	2.838750000E2
1.650000000E1	4.950000000E2	3.162500000E2	2.838750000E2
1.653333333E1	4.960000000E2	3.155000000E2	2.838750000E2
1.656666667E1	4.970000000E2	3.153750000E2	2.838750000E2
1.660000000E1	4.980000000E2	3.147500000E2	2.838750000E2
1.663333333E1	4.990000000E2	3.147500000E2	2.838750000E2
1.666666667E1	5.000000000E2	3.147500000E2	2.838750000E2
1.670000000E1	5.010000000E2	3.147500000E2	2.838750000E2
1.673333333E1	5.020000000E2	3.147500000E2	2.838750000E2
1.676666667E1	5.030000000E2	3.158750000E2	2.842500000E2
1.680000000E1	5.040000000E2	3.162500000E2	2.842500000E2
1.683333333E1	5.050000000E2	3.167500000E2	2.836250000E2
1.686666667E1	5.060000000E2	3.162500000E2	2.842500000E2
1.690000000E1	5.070000000E2	3.162500000E2	2.842500000E2
1.693333333E1	5.080000000E2	3.162500000E2	2.842500000E2
1.696666667E1	5.090000000E2	3.166250000E2	2.837500000E2
1.700000000E1	5.100000000E2	3.166250000E2	2.841250000E2
1.703333333E1	5.110000000E2	3.166250000E2	2.841250000E2
1.706666667E1	5.120000000E2	3.166250000E2	2.841250000E2
1.710000000E1	5.130000000E2	3.166250000E2	2.841250000E2
1.713333333E1	5.140000000E2	3.166250000E2	2.841250000E2
1.716666667E1	5.150000000E2	3.167500000E2	2.841250000E2
1.720000000E1	5.160000000E2	3.167500000E2	2.841250000E2
1.723333333E1	5.170000000E2	3.167500000E2	2.841250000E2
1.726666667E1	5.180000000E2	3.167500000E2	2.855000000E2
1.730000000E1	5.190000000E2	3.161250000E2	2.851250000E2
1.733333333E1	5.200000000E2	3.161250000E2	2.847500000E2
1.736666667E1	5.210000000E2	3.161250000E2	2.836250000E2
1.740000000E1	5.220000000E2	3.156250000E2	2.853750000E2
1.743333333E1	5.230000000E2	3.157500000E2	2.852500000E2
1.746666667E1	5.240000000E2	3.157500000E2	2.852500000E2
1.750000000E1	5.250000000E2	3.157500000E2	2.857500000E2
1.753333333E1	5.260000000E2	3.157500000E2	2.856250000E2
1.756666667E1	5.270000000E2	3.157500000E2	2.848750000E2
1.760000000E1	5.280000000E2	3.160000000E2	2.836250000E2
1.763333333E1	5.290000000E2	3.166250000E2	2.845000000E2
1.766666667E1	5.300000000E2	3.166250000E2	2.846250000E2
1.770000000E1	5.310000000E2	3.166250000E2	2.846250000E2
1.773333333E1	5.320000000E2	3.171250000E2	2.846250000E2
1.776666667E1	5.330000000E2	3.175000000E2	2.842500000E2
1.780000000E1	5.340000000E2	3.175000000E2	2.842500000E2
1.783333333E1	5.350000000E2	3.172500000E2	2.843750000E2
