t	frame	pixel_{x}	pixel_{y}
0.000000000E0	0.000000000E0	2.850000000E2	4.402500000E2
3.333333333E-2	1.000000000E0	2.850251541E2	4.402149102E2
6.666666667E-2	2.000000000E0	2.849556678E2	4.402790285E2
1.000000000E-1	3.000000000E0	2.849961512E2	4.403314530E2
1.333333333E-1	4.000000000E0	2.849791771E2	4.402898380E2
1.666666667E-1	5.000000000E0	2.850217147E2	4.402676515E2
2.000000000E-1	6.000000000E0	2.849761381E2	4.402206981E2
2.333333333E-1	7.000000000E0	2.849778388E2	4.402205195E2
2.666666667E-1	8.000000000E0	2.850076292E2	4.402141981E2
3.000000000E-1	9.000000000E0	2.850095080E2	4.402679136E2
3.333333333E-1	1.000000000E1	2.849866744E2	4.402840591E2
3.666666667E-1	1.100000000E1	2.850068937E2	4.402948138E2
4.000000000E-1	1.200000000E1	2.849972425E2	4.402462191E2
4.333333333E-1	1.300000000E1	2.849741197E2	4.402550043E2
4.666666667E-1	1.400000000E1	2.850017110E2	4.402538653E2
5.000000000E-1	1.500000000E1	2.849826658E2	4.402260352E2
5.333333333E-1	1.600000000E1	2.849923345E2	4.402810424E2
5.666666667E-1	1.700000000E1	2.849875096E2	4.402634455E2
6.000000000E-1	1.800000000E1	2.849931915E2	4.402486191E2
6.333333333E-1	1.900000000E1	2.849821227E2	4.402486064E2
6.666666667E-1	2.000000000E1	2.850016368E2	4.402368403E2
7.000000000E-1	2.100000000E1	2.849946898E2	4.402490408E2
7.333333333E-1	2.200000000E1	2.849838240E2	4.402538264E2
7.666666667E-1	2.300000000E1	2.849794499E2	4.402648646E2
8.000000000E-1	2.400000000E1	2.849768600E2	4.402619591E2
8.333333333E-1	2.500000000E1	2.850002773E2	4.402780497E2
8.666666667E-1	2.600000000E1	2.850029523E2	4.402496346E2
9.000000000E-1	2.700000000E1	2.849970317E2	4.402380520E2
9.333333333E-1	2.800000000E1	2.850200601E2	4.402406324E2
9.666666667E-1	2.900000000E1	2.849956346E2	4.402510025E2
1.000000000E0	3.000000000E1	2.850000912E2	4.402488813E2
1.033333333E0	3.100000000E1	2.849957088E2	4.402766747E2
1.066666667E0	3.200000000E1	2.849884282E2	4.402501684E2
1.100000000E0	3.300000000E1	2.849855257E2	4.402365506E2
1.133333333E0	3.400000000E1	2.849800319E2	4.402410814E2
1.166666667E0	3.500000000E1	2.849991758E2	4.402576924E2
1.200000000E0	3.600000000E1	2.849910171E2	4.402539084E2
1.233333333E0	3.700000000E1	2.850182509E2	4.402651489E2
1.266666667E0	3.800000000E1	2.849922211E2	4.402676251E2
1.300000000E0	3.900000000E1	2.849955075E2	4.402666694E2
1.333333333E0	4.000000000E1	2.849934649E2	4.403006594E2
1.366666667E0	4.100000000E1	2.850025604E2	4.402423447E2
1.400000000E0	4.200000000E1	2.849801049E2	4.402559948E2
1.433333333E0	4.300000000E1	2.849530903E2	4.402655754E2
1.466666667E0	4.400000000E1	2.849756543E2	4.402950112E2
1.500000000E0	4.500000000E1	2.849761131E2	4.402553724E2
1.533333333E0	4.600000000E1	2.850018659E2	4.402533089E2
1.566666667E0	4.700000000E1	2.849994982E2	4.402414759E2
1.600000000E0	4.800000000E1	2.849731429E2	4.402447760E2
1.633333333E0	4.900000000E1	2.849951308E2	4.402416305E2
1.666666667E0	5.000000000E1	2.849832996E2	4.402656707E2
1.700000000E0	5.100000000E1	2.849788679E2	4.402578145E2
1.733333333E0	5.200000000E1	2.849928972E2	4.402622242E2
1.766666667E0	5.300000000E1	2.849800055E2	4.402548745E2
1.800000000E0	5.400000000E1	2.849903550E2	4.402509395E2
1.833333333E0	5.500000000E1	2.850076460E2	4.402562259E2
1.866666667E0	5.600000000E1	2.849805847E2	4.402432090E2
1.900000000E0	5.700000000E1	2.849766130E2	4.402439945E2
1.933333333E0	5.800000000E1	2.849563527E2	4.402466397E2
1.966666667E0	5.900000000E1	2.849877974E2	4.402448161E2
2.000000000E0	6.000000000E1	2.849732946E2	4.402709297E2
2.033333333E0	6.100000000E1	2.849628615E2	4.402629743E2
2.066666667E0	6.200000000E1	2.849795167E2	4.402826067E2
2.100000000E0	6.300000000E1	2.849642081E2	4.402311738E2
2.133333333E0	6.400000000E1	2.850304614E2	4.402731075E2
2.166666667E0	6.500000000E1	2.849304831E2	4.402565040E2
2.200000000E0	6.600000000E1	2.850264930E2	4.402539038E2
2.233333333E0	6.700000000E1	2.850137394E2	4.402562240E2
2.266666667E0	6.800000000E1	2.849839199E2	4.402629159E2
2.300000000E0	6.900000000E1	2.850342118E2	4.402361186E2
2.333333333E0	7.000000000E1	2.850274109E2	4.402514290E2
2.366666667E0	7.100000000E1	2.850357343E2	4.402463291E2
2.400000000E0	7.200000000E1	2.850349184E2	4.402461199E2
2.433333333E0	7.300000000E1	2.850331137E2	4.402410928E2
2.466666667E0	7.400000000E1	2.850219719E2	4.402523660E2
2.500000000E0	7.500000000E1	2.850365119E2	4.402468761E2
2.533333333E0	7.600000000E1	2.849963799E2	4.402294353E2
2.566666667E0	7.700000000E1	2.850315855E2	4.398609965E2
2.600000000E0	7.800000000E1	2.860460769E2	4.389877854E2
2.633333333E0	7.900000000E1	2.925000000E2	4.372500000E2
2.666666667E0	8.000000000E1	3.020000000E2	4.352500000E2
2.700000000E0	8.100000000E1	3.117500000E2	4.322500000E2
2.733333333E0	8.200000000E1	3.242500000E2	4.300000000E2
2.766666667E0	8.300000000E1	3.355000000E2	4.247500000E2
2.800000000E0	8.400000000E1	3.467500000E2	4.185000000E2
2.833333333E0	8.500000000E1	3.540000000E2	4.152500000E2
2.866666667E0	8.600000000E1	3.607500000E2	4.112500000E2
2.900000000E0	8.700000000E1	3.680000000E2	4.067500000E2
2.933333333E0	8.800000000E1	3.735000000E2	4.012500000E2
2.966666667E0	8.900000000E1	3.782500000E2	3.970000000E2
3.000000000E0	9.000000000E1	3.822500000E2	3.930000000E2
3.033333333E0	9.100000000E1	3.857500000E2	3.917500000E2
3.066666667E0	9.200000000E1	3.847500000E2	3.927500000E2
3.100000000E0	9.300000000E1	3.807500000E2	3.962500000E2
3.133333333E0	9.400000000E1	3.785000000E2	4.002500000E2
3.166666667E0	9.500000000E1	3.710000000E2	4.050000000E2
3.200000000E0	9.600000000E1	3.642500000E2	4.107500000E2
3.233333333E0	9.700000000E1	3.547500000E2	4.167500000E2
3.266666667E0	9.800000000E1	3.452500000E2	4.217500000E2
3.300000000E0	9.900000000E1	3.365000000E2	4.265000000E2
3.333333333E0	1.000000000E2	3.232500000E2	4.310000000E2
3.366666667E0	1.010000000E2	3.130000000E2	4.347500000E2
3.400000000E0	1.020000000E2	3.015000000E2	4.377500000E2
3.433333333E0	1.030000000E2	2.925000000E2	4.380000000E2
3.466666667E0	1.040000000E2	2.890000000E2	4.387500000E2
3.500000000E0	1.050000000E2	2.875000000E2	4.402500000E2
3.533333333E0	1.060000000E2	2.880000000E2	4.402500000E2
3.566666667E0	1.070000000E2	2.880000000E2	4.407500000E2
3.600000000E0	1.080000000E2	2.880000000E2	4.407500000E2
3.633333333E0	1.090000000E2	2.880000000E2	4.407500000E2
3.666666667E0	1.100000000E2	2.880000000E2	4.407500000E2
3.700000000E0	1.110000000E2	2.875000000E2	4.407500000E2
3.733333333E0	1.120000000E2	2.870559943E2	4.403613680E2
3.766666667E0	1.130000000E2	2.869915471E2	4.403430817E2
3.800000000E0	1.140000000E2	2.870239726E2	4.403610683E2
3.833333333E0	1.150000000E2	2.870241714E2	4.403986488E2
3.866666667E0	1.160000000E2	2.869919587E2	4.402885661E2
3.900000000E0	1.170000000E2	2.869690361E2	4.403517869E2
3.933333333E0	1.180000000E2	2.869719301E2	4.403182440E2
3.966666667E0	1.190000000E2	2.870030386E2	4.403177746E2
4.000000000E0	1.200000000E2	2.869802753E2	4.402566770E2
4.033333333E0	1.210000000E2	2.869824345E2	4.402519234E2
4.066666667E0	1.220000000E2	2.870126927E2	4.402634823E2
4.100000000E0	1.230000000E2	2.869872064E2	4.403136318E2
4.133333333E0	1.240000000E2	2.869886905E2	4.403055822E2
4.166666667E0	1.250000000E2	2.869706854E2	4.402586684E2
4.200000000E0	1.260000000E2	2.869882062E2	4.403077180E2
4.233333333E0	1.270000000E2	2.869784625E2	4.402760136E2
4.266666667E0	1.280000000E2	2.869968092E2	4.402775425E2
4.300000000E0	1.290000000E2	2.869601693E2	4.402957540E2
4.333333333E0	1.300000000E2	2.869813161E2	4.403210036E2
4.366666667E0	1.310000000E2	2.869942914E2	4.403059064E2
4.400000000E0	1.320000000E2	2.870047080E2	4.402347488E2
4.433333333E0	1.330000000E2	2.870147845E2	4.402622411E2
4.466666667E0	1.340000000E2	2.869815554E2	4.402763567E2
4.500000000E0	1.350000000E2	2.869962713E2	4.403039301E2
4.533333333E0	1.360000000E2	2.869867268E2	4.402174498E2
4.566666667E0	1.370000000E2	2.870229202E2	4.402650392E2
4.600000000E0	1.380000000E2	2.869270482E2	4.402876550E2
4.633333333E0	1.390000000E2	2.869858064E2	4.402189667E2
4.666666667E0	1.400000000E2	2.869846057E2	4.401911462E2
4.700000000E0	1.410000000E2	2.869127250E2	4.401353306E2
4.733333333E0	1.420000000E2	2.869646432E2	4.401311848E2
4.766666667E0	1.430000000E2	2.869702737E2	4.401147795E2
4.800000000E0	1.440000000E2	2.868846525E2	4.401185174E2
4.833333333E0	1.450000000E2	2.868357808E2	4.400909810E2
4.866666667E0	1.460000000E2	2.867018110E2	4.401217339E2
4.900000000E0	1.470000000E2	2.868621009E2	4.402133145E2
4.933333333E0	1.480000000E2	2.869673551E2	4.402324885E2
4.966666667E0	1.490000000E2	2.869715496E2	4.402420569E2
5.000000000E0	1.500000000E2	2.868185051E2	4.402539164E2
5.033333333E0	1.510000000E2	2.868904530E2	4.402675273E2
5.066666667E0	1.520000000E2	2.869854462E2	4.402965226E2
5.100000000E0	1.530000000E2	2.869293529E2	4.403199120E2
5.133333333E0	1.540000000E2	2.868835827E2	4.404740938E2
5.166666667E0	1.550000000E2	2.868922206E2	4.402320703E2
5.200000000E0	1.560000000E2	2.866013185E2	4.403388379E2
5.233333333E0	1.570000000E2	2.867262796E2	4.402888525E2
5.266666667E0	1.580000000E2	2.867897964E2	4.402913168E2
5.300000000E0	1.590000000E2	2.867534842E2	4.403354066E2
5.333333333E0	1.600000000E2	2.869038020E2	4.403130879E2
5.366666667E0	1.610000000E2	2.868521436E2	4.402990073E2
5.400000000E0	1.620000000E2	2.869231135E2	4.403327070E2
5.433333333E0	1.630000000E2	2.868664021E2	4.402553672E2
5.466666667E0	1.640000000E2	2.866840992E2	4.402721062E2
5.500000000E0	1.650000000E2	2.866271204E2	4.402509433E2
5.533333333E0	1.660000000E2	2.867620849E2	4.402282166E2
5.566666667E0	1.670000000E2	2.865302537E2	4.400963252E2
5.600000000E0	1.680000000E2	2.866898825E2	4.400980994E2
5.633333333E0	1.690000000E2	2.866756582E2	4.400680199E2
5.666666667E0	1.700000000E2	2.868167849E2	4.401581890E2
5.700000000E0	1.710000000E2	2.868794067E2	4.402007731E2
5.733333333E0	1.720000000E2	2.868839840E2	4.402095849E2
5.766666667E0	1.730000000E2	2.869604191E2	4.402091292E2
5.800000000E0	1.740000000E2	2.871024920E2	4.402612587E2
5.833333333E0	1.750000000E2	2.876592857E2	4.403255347E2
5.866666667E0	1.760000000E2	2.877478561E2	4.403300583E2
5.900000000E0	1.770000000E2	2.878927123E2	4.404233102E2
5.933333333E0	1.780000000E2	2.879219230E2	4.402757971E2
5.966666667E0	1.790000000E2	2.879614222E2	4.402958709E2
6.000000000E0	1.800000000E2	2.880000360E2	4.402159047E2
6.033333333E0	1.810000000E2	2.879393899E2	4.402598307E2
6.066666667E0	1.820000000E2	2.879637816E2	4.402427061E2
6.100000000E0	1.830000000E2	2.879731241E2	4.402501675E2
6.133333333E0	1.840000000E2	2.879877923E2	4.402546986E2
6.166666667E0	1.850000000E2	2.880010966E2	4.402678660E2
6.200000000E0	1.860000000E2	2.880509878E2	4.402730819E2
6.233333333E0	1.870000000E2	2.880114110E2	4.401841322E2
6.266666667E0	1.880000000E2	2.880452871E2	4.402307115E2
6.300000000E0	1.890000000E2	2.880306592E2	4.402797301E2
6.333333333E0	1.900000000E2	2.880415439E2	4.402173187E2
6.366666667E0	1.910000000E2	2.880192874E2	4.402760080E2
6.400000000E0	1.920000000E2	2.880099293E2	4.402523770E2
6.433333333E0	1.930000000E2	2.880094228E2	4.402560322E2
6.466666667E0	1.940000000E2	2.879984787E2	4.402491053E2
6.500000000E0	1.950000000E2	2.879478193E2	4.402416557E2
6.533333333E0	1.960000000E2	2.880262834E2	4.402661876E2
6.566666667E0	1.970000000E2	2.879748863E2	4.402469947E2
6.600000000E0	1.980000000E2	2.879998496E2	4.402466350E2
6.633333333E0	1.990000000E2	2.880129060E2	4.402377059E2
6.666666667E0	2.000000000E2	2.880322786E2	4.402297352E2
6.700000000E0	2.010000000E2	2.879927420E2	4.402609642E2
6.733333333E0	2.020000000E2	2.880047486E2	4.402729321E2
6.766666667E0	2.030000000E2	2.880549135E2	4.402864493E2
6.800000000E0	2.040000000E2	2.880297008E2	4.402697048E2
6.833333333E0	2.050000000E2	2.880359463E2	4.402559509E2
6.866666667E0	2.060000000E2	2.880456715E2	4.402557314E2
6.900000000E0	2.070000000E2	2.880424240E2	4.402565109E2
6.933333333E0	2.080000000E2	2.880415754E2	4.402533295E2
6.966666667E0	2.090000000E2	2.880149439E2	4.402297684E2
7.000000000E0	2.100000000E2	2.880384508E2	4.402305865E2
7.033333333E0	2.110000000E2	2.880298786E2	4.402544162E2
7.066666667E0	2.120000000E2	2.879978983E2	4.402432745E2
7.100000000E0	2.130000000E2	2.880316736E2	4.402319194E2
7.133333333E0	2.140000000E2	2.880211246E2	4.402384002E2
7.166666667E0	2.150000000E2	2.879928847E2	4.402584038E2
7.200000000E0	2.160000000E2	2.880075553E2	4.402094899E2
7.233333333E0	2.170000000E2	2.880383965E2	4.402547123E2
7.266666667E0	2.180000000E2	2.879971592E2	4.402336689E2
7.300000000E0	2.190000000E2	2.880106734E2	4.402458604E2
7.333333333E0	2.200000000E2	2.880093428E2	4.402444135E2
7.366666667E0	2.210000000E2	2.880422154E2	4.402460224E2
7.400000000E0	2.220000000E2	2.881428032E2	4.402728491E2
7.433333333E0	2.230000000E2	2.886843176E2	4.405201085E2
7.466666667E0	2.240000000E2	2.889911734E2	4.403585561E2
7.500000000E0	2.250000000E2	2.890505754E2	4.404251765E2
7.533333333E0	2.260000000E2	2.890284268E2	4.403941506E2
7.566666667E0	2.270000000E2	2.890197856E2	4.403240130E2
7.600000000E0	2.280000000E2	2.890483666E2	4.403327172E2
7.633333333E0	2.290000000E2	2.890589656E2	4.403115923E2
7.666666667E0	2.300000000E2	2.892344101E2	4.401217197E2
7.700000000E0	2.310000000E2	2.897500000E2	4.392500000E2
7.733333333E0	2.320000000E2	2.972500000E2	4.382500000E2
7.766666667E0	2.330000000E2	3.175000000E2	4.330000000E2
7.800000000E0	2.340000000E2	3.392500000E2	4.250000000E2
7.833333333E0	2.350000000E2	3.647500000E2	4.095000000E2
7.866666667E0	2.360000000E2	3.860000000E2	3.887500000E2
7.900000000E0	2.370000000E2	4.092500000E2	3.607500000E2
7.933333333E0	2.380000000E2	4.240000000E2	3.327500000E2
7.966666667E0	2.390000000E2	4.357500000E2	3.087500000E2
8.000000000E0	2.400000000E2	4.425000000E2	2.837500000E2
8.033333333E0	2.410000000E2	4.470000000E2	2.592500000E2
8.066666667E0	2.420000000E2	4.472500000E2	2.505000000E2
8.100000000E0	2.430000000E2	4.485000000E2	2.435000000E2
8.133333333E0	2.440000000E2	4.485000000E2	2.442500000E2
8.166666667E0	2.450000000E2	4.485000000E2	2.512500000E2
8.200000000E0	2.460000000E2	4.477500000E2	2.592500000E2
8.233333333E0	2.470000000E2	4.467500000E2	2.700000000E2
8.266666667E0	2.480000000E2	4.455000000E2	2.822500000E2
8.300000000E0	2.490000000E2	4.427500000E2	2.962500000E2
8.333333333E0	2.500000000E2	4.410000000E2	3.072500000E2
8.366666667E0	2.510000000E2	4.355000000E2	3.197500000E2
8.400000000E0	2.520000000E2	4.280000000E2	3.395000000E2
8.433333333E0	2.530000000E2	4.145000000E2	3.612500000E2
8.466666667E0	2.540000000E2	4.022500000E2	3.762500000E2
8.500000000E0	2.550000000E2	3.782500000E2	3.967500000E2
8.533333333E0	2.560000000E2	3.600000000E2	4.100000000E2
8.566666667E0	2.570000000E2	3.352500000E2	4.222500000E2
8.600000000E0	2.580000000E2	3.157500000E2	4.292500000E2
8.633333333E0	2.590000000E2	3.040000000E2	4.327500000E2
8.666666667E0	2.600000000E2	2.990000000E2	4.362500000E2
8.700000000E0	2.610000000E2	2.942500000E2	4.380000000E2
8.733333333E0	2.620000000E2	2.917500000E2	4.387500000E2
8.766666667E0	2.630000000E2	2.905000000E2	4.407500000E2
8.800000000E0	2.640000000E2	2.900000000E2	4.402500000E2
8.833333333E0	2.650000000E2	2.907500000E2	4.410000000E2
8.866666667E0	2.660000000E2	2.907500000E2	4.410000000E2
8.900000000E0	2.670000000E2	2.907500000E2	4.410000000E2
8.933333333E0	2.680000000E2	2.907500000E2	4.410000000E2
8.966666667E0	2.690000000E2	2.907500000E2	4.410000000E2
9.000000000E0	2.700000000E2	2.907500000E2	4.410000000E2
9.033333333E0	2.710000000E2	2.907500000E2	4.410000000E2
9.066666667E0	2.720000000E2	2.907500000E2	4.410000000E2
9.100000000E0	2.730000000E2	2.905000000E2	4.405000000E2
9.133333333E0	2.740000000E2	2.905000000E2	4.397500000E2
9.166666667E0	2.750000000E2	2.905000000E2	4.412500000E2
9.200000000E0	2.760000000E2	2.905000000E2	4.412500000E2
9.233333333E0	2.770000000E2	2.905000000E2	4.412500000E2
9.266666667E0	2.780000000E2	2.920435288E2	4.400558519E2
9.300000000E0	2.790000000E2	2.920957416E2	4.400607274E2
9.333333333E0	2.800000000E2	2.921086188E2	4.400702241E2
9.366666667E0	2.810000000E2	2.920461640E2	4.401235200E2
9.400000000E0	2.820000000E2	2.920637867E2	4.401434003E2
9.433333333E0	2.830000000E2	2.919927430E2	4.402410737E2
9.466666667E0	2.840000000E2	2.920017620E2	4.402216561E2
9.500000000E0	2.850000000E2	2.919380925E2	4.402632992E2
9.533333333E0	2.860000000E2	2.920390726E2	4.401811990E2
9.566666667E0	2.870000000E2	2.920047997E2	4.401900525E2
9.600000000E0	2.880000000E2	2.920059444E2	4.401976947E2
9.633333333E0	2.890000000E2	2.919687042E2	4.403320039E2
9.666666667E0	2.900000000E2	2.919952813E2	4.402108713E2
9.700000000E0	2.910000000E2	2.919712890E2	4.402952744E2
9.733333333E0	2.920000000E2	2.920213198E2	4.402533397E2
9.766666667E0	2.930000000E2	2.920138686E2	4.402999942E2
9.800000000E0	2.940000000E2	2.920005264E2	4.402290913E2
9.833333333E0	2.950000000E2	2.920033070E2	4.402505106E2
9.866666667E0	2.960000000E2	2.919973797E2	4.401889751E2
9.900000000E0	2.970000000E2	2.919724889E2	4.404278493E2
9.933333333E0	2.980000000E2	2.920184454E2	4.402967473E2
9.966666667E0	2.990000000E2	2.919735368E2	4.403019415E2
1.000000000E1	3.000000000E2	2.919942384E2	4.403066151E2
1.003333333E1	3.010000000E2	2.920208797E2	4.402173693E2
1.006666667E1	3.020000000E2	2.920132958E2	4.402227351E2
1.010000000E1	3.030000000E2	2.919505806E2	4.403480481E2
1.013333333E1	3.040000000E2	2.919822169E2	4.403422282E2
1.016666667E1	3.050000000E2	2.920105361E2	4.402423841E2
1.020000000E1	3.060000000E2	2.920166989E2	4.402487676E2
1.023333333E1	3.070000000E2	2.919939088E2	4.402376172E2
1.026666667E1	3.080000000E2	2.919898160E2	4.402251861E2
1.030000000E1	3.090000000E2	2.919768544E2	4.401772680E2
1.033333333E1	3.100000000E2	2.918373487E2	4.401650318E2
1.036666667E1	3.110000000E2	2.918499063E2	4.401311835E2
1.040000000E1	3.120000000E2	2.914391370E2	4.399202970E2
1.043333333E1	3.130000000E2	2.915020629E2	4.400877352E2
1.046666667E1	3.140000000E2	2.917224274E2	4.400995918E2
1.050000000E1	3.150000000E2	2.919381962E2	4.402581748E2
1.053333333E1	3.160000000E2	2.920416133E2	4.402402041E2
1.056666667E1	3.170000000E2	2.921036176E2	4.403004778E2
1.060000000E1	3.180000000E2	2.922307053E2	4.403317651E2
1.063333333E1	3.190000000E2	2.921194418E2	4.402971817E2
1.066666667E1	3.200000000E2	2.920971874E2	4.403417706E2
1.070000000E1	3.210000000E2	2.920994111E2	4.402737476E2
1.073333333E1	3.220000000E2	2.920643525E2	4.402601264E2
1.076666667E1	3.230000000E2	2.919767116E2	4.402925478E2
1.080000000E1	3.240000000E2	2.919381214E2	4.402840691E2
1.083333333E1	3.250000000E2	2.919140350E2	4.402479420E2
1.086666667E1	3.260000000E2	2.916118222E2	4.403089371E2
1.090000000E1	3.270000000E2	2.914443018E2	4.401480427E2
1.093333333E1	3.280000000E2	2.912830612E2	4.401943233E2
1.096666667E1	3.290000000E2	2.910614015E2	4.401763545E2
1.100000000E1	3.300000000E2	2.910317095E2	4.402126932E2
1.103333333E1	3.310000000E2	2.910776862E2	4.402247326E2
1.106666667E1	3.320000000E2	2.909929649E2	4.401783374E2
1.110000000E1	3.330000000E2	2.909325037E2	4.401954312E2
1.113333333E1	3.340000000E2	2.907417647E2	4.401741191E2
1.116666667E1	3.350000000E2	2.908685295E2	4.401346222E2
1.120000000E1	3.360000000E2	2.906223593E2	4.401507002E2
1.123333333E1	3.370000000E2	2.909586279E2	4.401940713E2
1.126666667E1	3.380000000E2	2.909181240E2	4.402334086E2
1.130000000E1	3.390000000E2	2.908731523E2	4.401680683E2
1.133333333E1	3.400000000E2	2.910024971E2	4.402507376E2
1.136666667E1	3.410000000E2	2.910594750E2	4.402540060E2
1.140000000E1	3.420000000E2	2.910164840E2	4.402422336E2
1.143333333E1	3.430000000E2	2.909099908E2	4.402256881E2
1.146666667E1	3.440000000E2	2.909325615E2	4.402386846E2
1.150000000E1	3.450000000E2	2.909296650E2	4.401979772E2
1.153333333E1	3.460000000E2	2.909962518E2	4.402442289E2
1.156666667E1	3.470000000E2	2.909282987E2	4.402233769E2
1.160000000E1	3.480000000E2	2.910297275E2	4.402222147E2
1.163333333E1	3.490000000E2	2.909654618E2	4.402255284E2
1.166666667E1	3.500000000E2	2.910216911E2	4.402263457E2
1.170000000E1	3.510000000E2	2.910870390E2	4.402456912E2
1.173333333E1	3.520000000E2	2.910695385E2	4.402310340E2
1.176666667E1	3.530000000E2	2.910714443E2	4.402605656E2
1.180000000E1	3.540000000E2	2.909947492E2	4.402483643E2
1.183333333E1	3.550000000E2	2.909811265E2	4.402400130E2
1.186666667E1	3.560000000E2	2.909498204E2	4.402504386E2
1.190000000E1	3.570000000E2	2.910807881E2	4.402610484E2
1.193333333E1	3.580000000E2	2.909819869E2	4.402684979E2
1.196666667E1	3.590000000E2	2.909703527E2	4.402329621E2
1.200000000E1	3.600000000E2	2.910149592E2	4.402300863E2
1.203333333E1	3.610000000E2	2.910108257E2	4.402568772E2
1.206666667E1	3.620000000E2	2.910912002E2	4.402627036E2
1.210000000E1	3.630000000E2	2.910850558E2	4.402886729E2
1.213333333E1	3.640000000E2	2.910663857E2	4.402599883E2
1.216666667E1	3.650000000E2	2.910702637E2	4.402645782E2
1.220000000E1	3.660000000E2	2.910803408E2	4.403122202E2
1.223333333E1	3.670000000E2	2.912548166E2	4.402920777E2
1.226666667E1	3.680000000E2	2.911720681E2	4.402863084E2
1.230000000E1	3.690000000E2	2.911454659E2	4.402703760E2
1.233333333E1	3.700000000E2	2.911189299E2	4.402621258E2
1.236666667E1	3.710000000E2	2.911459800E2	4.402582662E2
1.240000000E1	3.720000000E2	2.911180082E2	4.402565247E2
1.243333333E1	3.730000000E2	2.911594804E2	4.402650573E2
1.246666667E1	3.740000000E2	2.910856799E2	4.402505068E2
1.250000000E1	3.750000000E2	2.911669564E2	4.402616442E2
1.253333333E1	3.760000000E2	2.910438329E2	4.402817415E2
1.256666667E1	3.770000000E2	2.910942926E2	4.402754123E2
1.260000000E1	3.780000000E2	2.909948664E2	4.402179240E2
1.263333333E1	3.790000000E2	2.910554035E2	4.402496439E2
1.266666667E1	3.800000000E2	2.910522466E2	4.402527408E2
1.270000000E1	3.810000000E2	2.911073060E2	4.402843032E2
1.273333333E1	3.820000000E2	2.910134645E2	4.402701159E2
1.276666667E1	3.830000000E2	2.910456430E2	4.402289352E2
1.280000000E1	3.840000000E2	2.909782634E2	4.402418706E2
1.283333333E1	3.850000000E2	2.910677958E2	4.402257464E2
1.286666667E1	3.860000000E2	2.909959338E2	4.402381762E2
1.290000000E1	3.870000000E2	2.910637055E2	4.402593933E2
1.293333333E1	3.880000000E2	2.910619527E2	4.402314161E2
1.296666667E1	3.890000000E2	2.910935752E2	4.402058032E2
1.300000000E1	3.900000000E2	2.910790316E2	4.402501382E2
1.303333333E1	3.910000000E2	2.910139038E2	4.402726827E2
1.306666667E1	3.920000000E2	2.910721069E2	4.403382396E2
1.310000000E1	3.930000000E2	2.910299193E2	4.402055812E2
1.313333333E1	3.940000000E2	2.910984789E2	4.402116155E2
1.316666667E1	3.950000000E2	2.910818907E2	4.402636165E2
1.320000000E1	3.960000000E2	2.910346287E2	4.402389507E2
1.323333333E1	3.970000000E2	2.910598168E2	4.402296717E2
1.326666667E1	3.980000000E2	2.910364567E2	4.402326635E2
1.330000000E1	3.990000000E2	2.910700042E2	4.402425995E2
1.333333333E1	4.000000000E2	2.911017161E2	4.401925442E2
1.336666667E1	4.010000000E2	2.910176892E2	4.402519054E2
1.340000000E1	4.020000000E2	2.910234608E2	4.402233672E2
1.343333333E1	4.030000000E2	2.909290291E2	4.402159821E2
1.346666667E1	4.040000000E2	2.910072760E2	4.402444741E2
1.350000000E1	4.050000000E2	2.910297247E2	4.402192182E2
1.353333333E1	4.060000000E2	2.909990248E2	4.402467904E2
1.356666667E1	4.070000000E2	2.910251797E2	4.402531441E2
1.360000000E1	4.080000000E2	2.909791933E2	4.402165007E2
1.363333333E1	4.090000000E2	2.910003198E2	4.402365746E2
1.366666667E1	4.100000000E2	2.909732559E2	4.402414509E2
1.370000000E1	4.110000000E2	2.909655441E2	4.402427637E2
1.373333333E1	4.120000000E2	2.910557114E2	4.403160003E2
1.376666667E1	4.130000000E2	2.909394704E2	4.402583814E2
1.380000000E1	4.140000000E2	2.910772949E2	4.402091289E2
1.383333333E1	4.150000000E2	2.910190093E2	4.402177667E2
1.386666667E1	4.160000000E2	2.910125070E2	4.402908524E2
1.390000000E1	4.170000000E2	2.910435571E2	4.402633330E2
1.393333333E1	4.180000000E2	2.910193109E2	4.402535118E2
1.396666667E1	4.190000000E2	2.909756343E2	4.402300631E2
1.400000000E1	4.200000000E2	2.908766470E2	4.402713314E2
1.403333333E1	4.210000000E2	2.909793730E2	4.402196503E2
1.406666667E1	4.220000000E2	2.910175321E2	4.402288478E2
1.410000000E1	4.230000000E2	2.909741616E2	4.402698527E2
1.413333333E1	4.240000000E2	2.909735099E2	4.402399756E2
1.416666667E1	4.250000000E2	2.909948290E2	4.402701096E2
1.420000000E1	4.260000000E2	2.910247367E2	4.402391527E2
1.423333333E1	4.270000000E2	2.910308765E2	4.402394656E2
1.426666667E1	4.280000000E2	2.910379881E2	4.402593021E2
1.430000000E1	4.290000000E2	2.909547902E2	4.402355564E2
1.433333333E1	4.300000000E2	2.910595254E2	4.402301934E2
1.436666667E1	4.310000000E2	2.910039619E2	4.402267951E2
1.440000000E1	4.320000000E2	2.910154490E2	4.402565821E2
1.443333333E1	4.330000000E2	2.910578140E2	4.402467552E2
1.446666667E1	4.340000000E2	2.911147701E2	4.402588954E2
1.450000000E1	4.350000000E2	2.911411692E2	4.402334189E2
1.453333333E1	4.360000000E2	2.910697787E2	4.402596241E2
1.456666667E1	4.370000000E2	2.911592282E2	4.402603536E2
1.460000000E1	4.380000000E2	2.910323571E2	4.402574877E2
1.463333333E1	4.390000000E2	2.910574407E2	4.402309117E2
1.466666667E1	4.400000000E2	2.910541251E2	4.402559895E2
1.470000000E1	4.410000000E2	2.911436579E2	4.402441376E2
1.473333333E1	4.420000000E2	2.910512539E2	4.401848995E2
1.476666667E1	4.430000000E2	2.910704629E2	4.402637860E2
1.480000000E1	4.440000000E2	2.910357029E2	4.402242315E2
1.483333333E1	4.450000000E2	2.909581344E2	4.401960464E2
1.486666667E1	4.460000000E2	2.909823560E2	4.402380342E2
1.490000000E1	4.470000000E2	2.910576371E2	4.402466008E2
1.493333333E1	4.480000000E2	2.910029711E2	4.402986342E2
1.496666667E1	4.490000000E2	2.909317049E2	4.402484873E2
1.500000000E1	4.500000000E2	2.910016585E2	4.403148719E2
1.503333333E1	4.510000000E2	2.909771648E2	4.402550001E2
1.506666667E1	4.520000000E2	2.910048484E2	4.403055348E2
1.510000000E1	4.530000000E2	2.910190186E2	4.402139644E2
1.513333333E1	4.540000000E2	2.910211347E2	4.402179783E2
1.516666667E1	4.550000000E2	2.909610005E2	4.402142498E2
1.520000000E1	4.560000000E2	2.910285822E2	4.402883834E2
1.523333333E1	4.570000000E2	2.910152677E2	4.402164116E2
1.526666667E1	4.580000000E2	2.910663283E2	4.402835668E2
1.530000000E1	4.590000000E2	2.910727506E2	4.402507382E2
1.533333333E1	4.600000000E2	2.910310833E2	4.402494408E2
1.536666667E1	4.610000000E2	2.910143610E2	4.402553857E2
1.540000000E1	4.620000000E2	2.910083633E2	4.402065006E2
1.543333333E1	4.630000000E2	2.910050398E2	4.402841933E2
1.546666667E1	4.640000000E2	2.910538370E2	4.402467442E2
1.550000000E1	4.650000000E2	2.910258233E2	4.403003269E2
1.553333333E1	4.660000000E2	2.909922967E2	4.403030584E2
1.556666667E1	4.670000000E2	2.910139601E2	4.402217173E2
1.560000000E1	4.680000000E2	2.910479460E2	4.402413047E2
1.563333333E1	4.690000000E2	2.910068357E2	4.403115723E2
1.566666667E1	4.700000000E2	2.909468998E2	4.403343150E2
1.570000000E1	4.710000000E2	2.909873875E2	4.401632083E2
1.573333333E1	4.720000000E2	2.910368497E2	4.402723855E2
1.576666667E1	4.730000000E2	2.910873506E2	4.401254328E2
1.580000000E1	4.740000000E2	2.910274328E2	4.402377562E2
1.583333333E1	4.750000000E2	2.910282528E2	4.402143346E2
1.586666667E1	4.760000000E2	2.910427378E2	4.402443695E2
1.590000000E1	4.770000000E2	2.910338725E2	4.402185704E2
1.593333333E1	4.780000000E2	2.910824140E2	4.402308499E2
1.596666667E1	4.790000000E2	2.910493302E2	4.402654822E2
1.600000000E1	4.800000000E2	2.909789256E2	4.402792342E2
1.603333333E1	4.810000000E2	2.910953765E2	4.402700256E2
1.606666667E1	4.820000000E2	2.909863063E2	4.402329383E2
1.610000000E1	4.830000000E2	2.909877304E2	4.402312154E2
1.613333333E1	4.840000000E2	2.909943980E2	4.402500409E2
1.616666667E1	4.850000000E2	2.910536635E2	4.402157826E2
1.620000000E1	4.860000000E2	2.910278327E2	4.402457294E2
1.623333333E1	4.870000000E2	2.910516771E2	4.402331684E2
1.626666667E1	4.880000000E2	2.909982631E2	4.402411122E2
1.630000000E1	4.890000000E2	2.910172325E2	4.402410391E2
1.633333333E1	4.900000000E2	2.909962690E2	4.402521383E2
1.636666667E1	4.910000000E2	2.909834925E2	4.402387820E2
1.640000000E1	4.920000000E2	2.910675609E2	4.402907581E2
1.643333333E1	4.930000000E2	2.909546194E2	4.402297982E2
1.646666667E1	4.940000000E2	2.910112607E2	4.402450150E2
1.650000000E1	4.950000000E2	2.909908511E2	4.402638921E2
1.653333333E1	4.960000000E2	2.910171732E2	4.402346546E2
1.656666667E1	4.970000000E2	2.909935451E2	4.402474568E2
1.660000000E1	4.980000000E2	2.910096041E2	4.402765799E2
1.663333333E1	4.990000000E2	2.909957046E2	4.402615145E2
1.666666667E1	5.000000000E2	2.910594095E2	4.403167208E2
1.670000000E1	5.010000000E2	2.910496174E2	4.402181171E2
1.673333333E1	5.020000000E2	2.910144680E2	4.402820848E2
1.676666667E1	5.030000000E2	2.910503327E2	4.402057298E2
1.680000000E1	5.040000000E2	2.909470567E2	4.402347059E2
1.683333333E1	5.050000000E2	2.910300174E2	4.402856259E2
1.686666667E1	5.060000000E2	2.910326070E2	4.402921155E2
1.690000000E1	5.070000000E2	2.911117137E2	4.401667198E2
1.693333333E1	5.080000000E2	2.910404184E2	4.403194892E2
1.696666667E1	5.090000000E2	2.909854261E2	4.403583875E2
1.700000000E1	5.100000000E2	2.910034405E2	4.403280898E2
1.703333333E1	5.110000000E2	2.910150340E2	4.402673257E2
1.706666667E1	5.120000000E2	2.910447155E2	4.402358339E2
1.710000000E1	5.130000000E2	2.910963301E2	4.398063797E2
1.713333333E1	5.140000000E2	2.909515006E2	4.395844440E2
1.716666667E1	5.150000000E2	2.910920025E2	4.401864733E2
1.720000000E1	5.160000000E2	2.909953464E2	4.402418534E2
1.723333333E1	5.170000000E2	2.910007823E2	4.402632085E2
1.726666667E1	5.180000000E2	2.910713131E2	4.402952874E2
1.730000000E1	5.190000000E2	2.910257734E2	4.398914624E2
1.733333333E1	5.200000000E2	2.910498113E2	4.399335405E2
1.736666667E1	5.210000000E2	2.910680999E2	4.401912849E2
1.740000000E1	5.220000000E2	2.909930348E2	4.402373722E2
1.743333333E1	5.230000000E2	2.909890597E2	4.403385889E2
1.746666667E1	5.240000000E2	2.910220187E2	4.403367448E2
1.750000000E1	5.250000000E2	2.910414734E2	4.402460435E2
1.753333333E1	5.260000000E2	2.910655422E2	4.401938526E2
1.756666667E1	5.270000000E2	2.910084785E2	4.401606133E2
1.760000000E1	5.280000000E2	2.910209760E2	4.401726540E2
1.763333333E1	5.290000000E2	2.909389713E2	4.402929267E2
1.766666667E1	5.300000000E2	2.911269739E2	4.403646583E2
1.770000000E1	5.310000000E2	2.910398620E2	4.402636979E2
1.773333333E1	5.320000000E2	2.911166798E2	4.402107648E2
1.776666667E1	5.330000000E2	2.910156871E2	4.401735066E2
1.780000000E1	5.340000000E2	2.910224567E2	4.401835175E2
1.783333333E1	5.350000000E2	2.910183072E2	4.402818739E2
