t	frame	pixel_{x}	pixel_{y}
0.000000000E0	0.000000000E0	2.715000000E2	2.495000000E2
3.333333333E-2	1.000000000E0	2.713291469E2	2.494231316E2
6.666666667E-2	2.000000000E0	2.711742244E2	2.495406698E2
1.000000000E-1	3.000000000E0	2.718662291E2	2.495578388E2
1.333333333E-1	4.000000000E0	2.714789431E2	2.495494205E2
1.666666667E-1	5.000000000E0	2.715269106E2	2.495600038E2
2.000000000E-1	6.000000000E0	2.712032259E2	2.495446493E2
2.333333333E-1	7.000000000E0	2.716737970E2	2.495382778E2
2.666666667E-1	8.000000000E0	2.712495998E2	2.494304871E2
3.000000000E-1	9.000000000E0	2.716357416E2	2.495377026E2
3.333333333E-1	1.000000000E1	2.717333846E2	2.495748892E2
3.666666667E-1	1.100000000E1	2.715414808E2	2.495888438E2
4.000000000E-1	1.200000000E1	2.717133211E2	2.495798733E2
4.333333333E-1	1.300000000E1	2.718950712E2	2.495540166E2
4.666666667E-1	1.400000000E1	2.714871855E2	2.495395466E2
5.000000000E-1	1.500000000E1	2.707523972E2	2.495946210E2
5.333333333E-1	1.600000000E1	2.714530265E2	2.495621261E2
5.666666667E-1	1.700000000E1	2.714571382E2	2.495762777E2
6.000000000E-1	1.800000000E1	2.711273048E2	2.495716896E2
6.333333333E-1	1.900000000E1	2.720620269E2	2.495611144E2
6.666666667E-1	2.000000000E1	2.719050541E2	2.495561263E2
7.000000000E-1	2.100000000E1	2.723279890E2	2.495442601E2
7.333333333E-1	2.200000000E1	2.723071270E2	2.495497719E2
7.666666667E-1	2.300000000E1	2.721679364E2	2.495543907E2
8.000000000E-1	2.400000000E1	2.729100531E2	2.495960566E2
8.333333333E-1	2.500000000E1	2.726186797E2	2.495723254E2
8.666666667E-1	2.600000000E1	2.718775540E2	2.495523809E2
9.000000000E-1	2.700000000E1	2.718639987E2	2.495604206E2
9.333333333E-1	2.800000000E1	2.726837465E2	2.495698129E2
9.666666667E-1	2.900000000E1	2.721274878E2	2.495625323E2
1.000000000E0	3.000000000E1	2.723433872E2	2.495669558E2
1.033333333E0	3.100000000E1	2.718092193E2	2.495934266E2
1.066666667E0	3.200000000E1	2.717522728E2	2.495822593E2
1.100000000E0	3.300000000E1	2.723365220E2	2.495794000E2
1.133333333E0	3.400000000E1	2.734386043E2	2.496243986E2
1.166666667E0	3.500000000E1	2.737415548E2	2.496473601E2
1.200000000E0	3.600000000E1	2.719118151E2	2.498012152E2
1.233333333E0	3.700000000E1	2.707893675E2	2.504221167E2
1.266666667E0	3.800000000E1	2.685658581E2	2.504870981E2
1.300000000E0	3.900000000E1	2.696347863E2	2.504450737E2
1.333333333E0	4.000000000E1	2.690215183E2	2.505104424E2
1.366666667E0	4.100000000E1	2.693818962E2	2.505184446E2
1.400000000E0	4.200000000E1	2.698711381E2	2.505323684E2
1.433333333E0	4.300000000E1	2.704886088E2	2.505561256E2
1.466666667E0	4.400000000E1	2.696125679E2	2.505436955E2
1.500000000E0	4.500000000E1	2.696995144E2	2.505610263E2
1.533333333E0	4.600000000E1	2.697611818E2	2.505441326E2
1.566666667E0	4.700000000E1	2.696033307E2	2.505481993E2
1.600000000E0	4.800000000E1	2.695013142E2	2.505167970E2
1.633333333E0	4.900000000E1	2.692705551E2	2.505520416E2
1.666666667E0	5.000000000E1	2.693724348E2	2.505845074E2
1.700000000E0	5.100000000E1	2.694488996E2	2.505714115E2
1.733333333E0	5.200000000E1	2.695580822E2	2.506402416E2
1.766666667E0	5.300000000E1	2.688843258E2	2.505822087E2
1.800000000E0	5.400000000E1	2.695460954E2	2.505505994E2
1.833333333E0	5.500000000E1	2.690852444E2	2.505833631E2
1.866666667E0	5.600000000E1	2.694450599E2	2.505997096E2
1.900000000E0	5.700000000E1	2.694547737E2	2.505827179E2
1.933333333E0	5.800000000E1	2.696547415E2	2.505902934E2
1.966666667E0	5.900000000E1	2.696996105E2	2.506901765E2
2.000000000E0	6.000000000E1	2.696072375E2	2.505885525E2
2.033333333E0	6.100000000E1	2.695985657E2	2.505837079E2
2.066666667E0	6.200000000E1	2.685092333E2	2.506184585E2
2.100000000E0	6.300000000E1	2.696056996E2	2.506414059E2
2.133333333E0	6.400000000E1	2.694179954E2	2.505395221E2
2.166666667E0	6.500000000E1	2.694641795E2	2.505819861E2
2.200000000E0	6.600000000E1	2.693857613E2	2.506085475E2
2.233333333E0	6.700000000E1	2.693663791E2	2.505556953E2
2.266666667E0	6.800000000E1	2.696112467E2	2.506001571E2
2.300000000E0	6.900000000E1	2.691360386E2	2.505832876E2
2.333333333E0	7.000000000E1	2.695116919E2	2.505739488E2
2.366666667E0	7.100000000E1	2.693675716E2	2.506060897E2
2.400000000E0	7.200000000E1	2.692823465E2	2.505990164E2
2.433333333E0	7.300000000E1	2.685094723E2	2.506890037E2
2.466666667E0	7.400000000E1	2.651740127E2	2.514110982E2
2.500000000E0	7.500000000E1	2.673677492E2	2.514519475E2
2.533333333E0	7.600000000E1	2.668322589E2	2.515631532E2
2.566666667E0	7.700000000E1	2.673192104E2	2.517444713E2
2.600000000E0	7.800000000E1	2.632808465E2	2.515476036E2
2.633333333E0	7.900000000E1	2.628685491E2	2.514821458E2
2.666666667E0	8.000000000E1	2.688831231E2	2.506311095E2
2.700000000E0	8.100000000E1	2.652999549E2	2.505475516E2
2.733333333E0	8.200000000E1	2.666426608E2	2.496660522E2
2.766666667E0	8.300000000E1	2.658686932E2	2.493943389E2
2.800000000E0	8.400000000E1	2.629844091E2	2.493307630E2
2.833333333E0	8.500000000E1	2.611688004E2	2.491359851E2
2.866666667E0	8.600000000E1	2.591889178E2	2.491403174E2
2.900000000E0	8.700000000E1	2.585233018E2	2.492236248E2
2.933333333E0	8.800000000E1	2.567224966E2	2.494564207E2
2.966666667E0	8.900000000E1	2.560427033E2	2.494014841E2
3.000000000E0	9.000000000E1	2.560823141E2	2.492621146E2
3.033333333E0	9.100000000E1	2.545174556E2	2.493428046E2
3.066666667E0	9.200000000E1	2.536635963E2	2.493590975E2
3.100000000E0	9.300000000E1	2.515687891E2	2.493921434E2
3.133333333E0	9.400000000E1	2.496045988E2	2.503055171E2
3.166666667E0	9.500000000E1	2.530792976E2	2.493398981E2
3.200000000E0	9.600000000E1	2.512031750E2	2.502167565E2
3.233333333E0	9.700000000E1	2.562983545E2	2.492298537E2
3.266666667E0	9.800000000E1	2.552400369E2	2.493081479E2
3.300000000E0	9.900000000E1	2.551481695E2	2.492484620E2
3.333333333E0	1.000000000E2	2.556622285E2	2.493192441E2
3.366666667E0	1.010000000E2	2.577318349E2	2.493551695E2
3.400000000E0	1.020000000E2	2.576046210E2	2.493531091E2
3.433333333E0	1.030000000E2	2.555669862E2	2.503771509E2
3.466666667E0	1.040000000E2	2.586159674E2	2.503576625E2
3.500000000E0	1.050000000E2	2.554614276E2	2.513881403E2
3.533333333E0	1.060000000E2	2.584028208E2	2.513087131E2
3.566666667E0	1.070000000E2	2.602500000E2	2.507500000E2
3.600000000E0	1.080000000E2	2.626220511E2	2.514683697E2
3.633333333E0	1.090000000E2	2.601566070E2	2.522294267E2
3.666666667E0	1.100000000E2	2.608655450E2	2.522454432E2
3.700000000E0	1.110000000E2	2.607054952E2	2.523514671E2
3.733333333E0	1.120000000E2	2.609505578E2	2.518073910E2
3.766666667E0	1.130000000E2	2.660000000E2	2.507500000E2
3.800000000E0	1.140000000E2	2.687500000E2	2.510000000E2
3.833333333E0	1.150000000E2	2.695000000E2	2.510000000E2
3.866666667E0	1.160000000E2	2.697500000E2	2.507500000E2
3.900000000E0	1.170000000E2	2.707500000E2	2.507500000E2
3.933333333E0	1.180000000E2	2.712500000E2	2.502500000E2
3.966666667E0	1.190000000E2	2.712500000E2	2.505000000E2
4.000000000E0	1.200000000E2	2.730000000E2	2.505000000E2
4.033333333E0	1.210000000E2	2.735000000E2	2.505000000E2
4.066666667E0	1.220000000E2	2.740000000E2	2.502500000E2
4.100000000E0	1.230000000E2	2.796938114E2	2.513224393E2
4.133333333E0	1.240000000E2	2.791446268E2	2.512156885E2
4.166666667E0	1.250000000E2	2.804994347E2	2.513704495E2
4.200000000E0	1.260000000E2	2.800689447E2	2.513215183E2
4.233333333E0	1.270000000E2	2.801918951E2	2.513862445E2
4.266666667E0	1.280000000E2	2.796005744E2	2.514574830E2
4.300000000E0	1.290000000E2	2.792518935E2	2.513315372E2
4.333333333E0	1.300000000E2	2.797360359E2	2.514076695E2
4.366666667E0	1.310000000E2	2.793084145E2	2.513070612E2
4.400000000E0	1.320000000E2	2.802374502E2	2.513935554E2
4.433333333E0	1.330000000E2	2.796473564E2	2.513842985E2
4.466666667E0	1.340000000E2	2.790637528E2	2.514094431E2
4.500000000E0	1.350000000E2	2.825651411E2	2.506281389E2
4.533333333E0	1.360000000E2	2.793756721E2	2.513504871E2
4.566666667E0	1.370000000E2	2.790298279E2	2.514107256E2
4.600000000E0	1.380000000E2	2.792801615E2	2.513358415E2
4.633333333E0	1.390000000E2	2.792972192E2	2.513746687E2
4.666666667E0	1.400000000E2	2.785059746E2	2.513325465E2
4.700000000E0	1.410000000E2	2.788096545E2	2.513823874E2
4.733333333E0	1.420000000E2	2.781561796E2	2.514424368E2
4.766666667E0	1.430000000E2	2.772855059E2	2.515293627E2
4.800000000E0	1.440000000E2	2.796603297E2	2.517540591E2
4.833333333E0	1.450000000E2	2.803032224E2	2.517273572E2
4.866666667E0	1.460000000E2	2.811513197E2	2.515016276E2
4.900000000E0	1.470000000E2	2.824440389E2	2.517459958E2
4.933333333E0	1.480000000E2	2.831071395E2	2.516977472E2
4.966666667E0	1.490000000E2	2.844937462E2	2.515159903E2
5.000000000E0	1.500000000E2	2.841137188E2	2.514296633E2
5.033333333E0	1.510000000E2	2.833969978E2	2.514396735E2
5.066666667E0	1.520000000E2	2.845527718E2	2.512565200E2
5.100000000E0	1.530000000E2	2.847327897E2	2.512508743E2
5.133333333E0	1.540000000E2	2.732500000E2	2.492500000E2
5.166666667E0	1.550000000E2	2.767500000E2	2.465000000E2
5.200000000E0	1.560000000E2	2.775000000E2	2.462500000E2
5.233333333E0	1.570000000E2	2.797500000E2	2.440000000E2
5.266666667E0	1.580000000E2	2.777500000E2	2.397500000E2
5.300000000E0	1.590000000E2	2.800000000E2	2.410000000E2
5.333333333E0	1.600000000E2	2.810000000E2	2.400000000E2
5.366666667E0	1.610000000E2	2.807500000E2	2.395000000E2
5.400000000E0	1.620000000E2	2.795000000E2	2.402500000E2
5.433333333E0	1.630000000E2	2.795000000E2	2.402500000E2
5.466666667E0	1.640000000E2	2.785000000E2	2.395000000E2
5.500000000E0	1.650000000E2	2.785000000E2	2.395000000E2
5.533333333E0	1.660000000E2	2.782500000E2	2.410000000E2
5.566666667E0	1.670000000E2	2.792500000E2	2.410000000E2
5.600000000E0	1.680000000E2	2.790000000E2	2.427500000E2
5.633333333E0	1.690000000E2	2.795000000E2	2.425000000E2
5.666666667E0	1.700000000E2	2.787500000E2	2.427500000E2
5.700000000E0	1.710000000E2	2.787500000E2	2.425000000E2
5.733333333E0	1.720000000E2	2.790000000E2	2.430000000E2
5.766666667E0	1.730000000E2	2.780000000E2	2.447500000E2
5.800000000E0	1.740000000E2	2.767500000E2	2.457500000E2
5.833333333E0	1.750000000E2	2.760000000E2	2.462500000E2
5.866666667E0	1.760000000E2	2.760000000E2	2.465000000E2
5.900000000E0	1.770000000E2	2.755000000E2	2.467500000E2
5.933333333E0	1.780000000E2	2.747500000E2	2.490000000E2
5.966666667E0	1.790000000E2	2.747500000E2	2.490000000E2
6.000000000E0	1.800000000E2	2.737500000E2	2.497500000E2
6.033333333E0	1.810000000E2	2.732500000E2	2.507500000E2
6.066666667E0	1.820000000E2	2.722500000E2	2.515000000E2
6.100000000E0	1.830000000E2	2.725000000E2	2.505000000E2
6.133333333E0	1.840000000E2	2.725000000E2	2.505000000E2
6.166666667E0	1.850000000E2	2.717500000E2	2.505000000E2
6.200000000E0	1.860000000E2	2.720000000E2	2.507500000E2
6.233333333E0	1.870000000E2	2.722500000E2	2.512500000E2
6.266666667E0	1.880000000E2	2.722500000E2	2.512500000E2
6.300000000E0	1.890000000E2	2.722500000E2	2.512500000E2
6.333333333E0	1.900000000E2	2.722500000E2	2.512500000E2
6.366666667E0	1.910000000E2	2.720000000E2	2.512500000E2
6.400000000E0	1.920000000E2	2.720000000E2	2.500000000E2
6.433333333E0	1.930000000E2	2.715000000E2	2.505000000E2
6.466666667E0	1.940000000E2	2.705000000E2	2.507500000E2
6.500000000E0	1.950000000E2	2.672500000E2	2.525000000E2
6.533333333E0	1.960000000E2	2.657500000E2	2.532500000E2
6.566666667E0	1.970000000E2	2.655000000E2	2.517500000E2
6.600000000E0	1.980000000E2	2.650000000E2	2.520000000E2
6.633333333E0	1.990000000E2	2.637500000E2	2.525000000E2
6.666666667E0	2.000000000E2	2.640000000E2	2.520000000E2
6.700000000E0	2.010000000E2	2.650000000E2	2.525000000E2
6.733333333E0	2.020000000E2	2.647500000E2	2.525000000E2
6.766666667E0	2.030000000E2	2.662500000E2	2.525000000E2
6.800000000E0	2.040000000E2	2.667500000E2	2.520000000E2
6.833333333E0	2.050000000E2	2.657500000E2	2.517500000E2
6.866666667E0	2.060000000E2	2.660000000E2	2.517500000E2
6.900000000E0	2.070000000E2	2.660000000E2	2.517500000E2
6.933333333E0	2.080000000E2	2.662500000E2	2.517500000E2
6.966666667E0	2.090000000E2	2.662500000E2	2.517500000E2
7.000000000E0	2.100000000E2	2.657500000E2	2.510000000E2
7.033333333E0	2.110000000E2	2.657500000E2	2.520000000E2
7.066666667E0	2.120000000E2	2.637500000E2	2.512500000E2
7.100000000E0	2.130000000E2	2.630000000E2	2.507500000E2
7.133333333E0	2.140000000E2	2.625000000E2	2.507500000E2
7.166666667E0	2.150000000E2	2.625000000E2	2.515000000E2
7.200000000E0	2.160000000E2	2.622500000E2	2.512500000E2
7.233333333E0	2.170000000E2	2.630000000E2	2.512500000E2
7.266666667E0	2.180000000E2	2.632500000E2	2.512500000E2
7.300000000E0	2.190000000E2	2.632500000E2	2.512500000E2
7.333333333E0	2.200000000E2	2.632500000E2	2.512500000E2
7.366666667E0	2.210000000E2	2.632500000E2	2.512500000E2
7.400000000E0	2.220000000E2	2.637500000E2	2.510000000E2
7.433333333E0	2.230000000E2	2.637500000E2	2.510000000E2
7.466666667E0	2.240000000E2	2.637500000E2	2.510000000E2
7.500000000E0	2.250000000E2	2.640000000E2	2.510000000E2
7.533333333E0	2.260000000E2	2.637500000E2	2.505000000E2
7.566666667E0	2.270000000E2	2.637500000E2	2.505000000E2
7.600000000E0	2.280000000E2	2.625000000E2	2.507500000E2
7.633333333E0	2.290000000E2	2.607500000E2	2.510000000E2
7.666666667E0	2.300000000E2	2.597500000E2	2.527500000E2
7.700000000E0	2.310000000E2	2.585000000E2	2.527500000E2
7.733333333E0	2.320000000E2	2.557500000E2	2.517500000E2
7.766666667E0	2.330000000E2	2.547500000E2	2.517500000E2
7.800000000E0	2.340000000E2	2.500000000E2	2.517500000E2
7.833333333E0	2.350000000E2	2.475000000E2	2.520000000E2
7.866666667E0	2.360000000E2	2.455000000E2	2.515000000E2
7.900000000E0	2.370000000E2	2.442500000E2	2.505000000E2
7.933333333E0	2.380000000E2	2.427500000E2	2.490000000E2
7.966666667E0	2.390000000E2	2.402500000E2	2.477500000E2
8.000000000E0	2.400000000E2	2.400000000E2	2.467500000E2
8.033333333E0	2.410000000E2	2.385000000E2	2.455000000E2
8.066666667E0	2.420000000E2	2.385000000E2	2.452500000E2
8.100000000E0	2.430000000E2	2.382500000E2	2.430000000E2
8.133333333E0	2.440000000E2	2.382500000E2	2.430000000E2
8.166666667E0	2.450000000E2	2.432500000E2	2.412500000E2
8.200000000E0	2.460000000E2	2.437500000E2	2.410000000E2
8.233333333E0	2.470000000E2	2.430000000E2	2.402500000E2
8.266666667E0	2.480000000E2	2.430000000E2	2.420000000E2
8.300000000E0	2.490000000E2	2.425000000E2	2.422500000E2
8.333333333E0	2.500000000E2	2.417500000E2	2.427500000E2
8.366666667E0	2.510000000E2	2.425000000E2	2.435000000E2
8.400000000E0	2.520000000E2	2.415000000E2	2.445000000E2
8.433333333E0	2.530000000E2	2.415000000E2	2.445000000E2
8.466666667E0	2.540000000E2	2.447500000E2	2.457500000E2
8.500000000E0	2.550000000E2	2.445000000E2	2.455000000E2
8.533333333E0	2.560000000E2	2.470000000E2	2.445000000E2
8.566666667E0	2.570000000E2	2.505000000E2	2.440000000E2
8.600000000E0	2.580000000E2	2.520000000E2	2.452500000E2
8.633333333E0	2.590000000E2	2.537500000E2	2.460000000E2
8.666666667E0	2.600000000E2	2.547500000E2	2.457500000E2
8.700000000E0	2.610000000E2	2.577500000E2	2.505000000E2
8.733333333E0	2.620000000E2	2.595000000E2	2.500000000E2
8.766666667E0	2.630000000E2	2.600000000E2	2.512500000E2
8.800000000E0	2.640000000E2	2.607500000E2	2.520000000E2
8.833333333E0	2.650000000E2	2.620000000E2	2.525000000E2
8.866666667E0	2.660000000E2	2.665000000E2	2.517500000E2
8.900000000E0	2.670000000E2	2.662500000E2	2.517500000E2
8.933333333E0	2.680000000E2	2.677500000E2	2.520000000E2
8.966666667E0	2.690000000E2	2.710000000E2	2.502500000E2
9.000000000E0	2.700000000E2	2.705000000E2	2.500000000E2
9.033333333E0	2.710000000E2	2.717500000E2	2.500000000E2
9.066666667E0	2.720000000E2	2.742500000E2	2.500000000E2
9.100000000E0	2.730000000E2	2.757500000E2	2.492500000E2
9.133333333E0	2.740000000E2	2.767500000E2	2.505000000E2
9.166666667E0	2.750000000E2	2.767500000E2	2.507500000E2
9.200000000E0	2.760000000E2	2.772500000E2	2.515000000E2
9.233333333E0	2.770000000E2	2.772500000E2	2.515000000E2
9.266666667E0	2.780000000E2	2.772500000E2	2.515000000E2
9.300000000E0	2.790000000E2	2.770000000E2	2.507500000E2
9.333333333E0	2.800000000E2	2.760000000E2	2.507500000E2
9.366666667E0	2.810000000E2	2.770000000E2	2.510000000E2
9.400000000E0	2.820000000E2	2.755000000E2	2.517500000E2
9.433333333E0	2.830000000E2	2.765000000E2	2.512500000E2
9.466666667E0	2.840000000E2	2.767500000E2	2.512500000E2
9.500000000E0	2.850000000E2	2.767500000E2	2.512500000E2
9.533333333E0	2.860000000E2	2.770000000E2	2.510000000E2
9.566666667E0	2.870000000E2	2.765000000E2	2.510000000E2
9.600000000E0	2.880000000E2	2.745000000E2	2.505000000E2
9.633333333E0	2.890000000E2	2.717500000E2	2.517500000E2
9.666666667E0	2.900000000E2	2.710000000E2	2.517500000E2
9.700000000E0	2.910000000E2	2.702500000E2	2.520000000E2
9.733333333E0	2.920000000E2	2.702500000E2	2.520000000E2
9.766666667E0	2.930000000E2	2.702500000E2	2.520000000E2
9.800000000E0	2.940000000E2	2.707500000E2	2.515000000E2
9.833333333E0	2.950000000E2	2.712500000E2	2.515000000E2
9.866666667E0	2.960000000E2	2.712500000E2	2.515000000E2
9.900000000E0	2.970000000E2	2.697500000E2	2.515000000E2
9.933333333E0	2.980000000E2	2.690000000E2	2.507500000E2
9.966666667E0	2.990000000E2	2.692500000E2	2.512500000E2
1.000000000E1	3.000000000E2	2.692500000E2	2.512500000E2
1.003333333E1	3.010000000E2	2.700000000E2	2.510000000E2
1.006666667E1	3.020000000E2	2.700000000E2	2.510000000E2
1.010000000E1	3.030000000E2	2.717500000E2	2.515000000E2
1.013333333E1	3.040000000E2	2.717500000E2	2.515000000E2
1.016666667E1	3.050000000E2	2.717500000E2	2.515000000E2
1.020000000E1	3.060000000E2	2.722500000E2	2.507500000E2
1.023333333E1	3.070000000E2	2.732500000E2	2.492500000E2
1.026666667E1	3.080000000E2	2.727500000E2	2.497500000E2
1.030000000E1	3.090000000E2	2.727500000E2	2.497500000E2
1.033333333E1	3.100000000E2	2.745000000E2	2.502500000E2
1.036666667E1	3.110000000E2	2.752500000E2	2.497500000E2
1.040000000E1	3.120000000E2	2.760000000E2	2.490000000E2
1.043333333E1	3.130000000E2	2.777500000E2	2.502500000E2
1.046666667E1	3.140000000E2	2.792500000E2	2.507500000E2
1.050000000E1	3.150000000E2	2.802500000E2	2.507500000E2
1.053333333E1	3.160000000E2	2.800000000E2	2.512500000E2
1.056666667E1	3.170000000E2	2.805000000E2	2.505000000E2
1.060000000E1	3.180000000E2	2.817500000E2	2.500000000E2
1.063333333E1	3.190000000E2	2.830000000E2	2.500000000E2
1.066666667E1	3.200000000E2	2.845000000E2	2.500000000E2
1.070000000E1	3.210000000E2	2.885000000E2	2.492500000E2
1.073333333E1	3.220000000E2	2.900000000E2	2.490000000E2
1.076666667E1	3.230000000E2	2.900000000E2	2.490000000E2
1.080000000E1	3.240000000E2	2.900000000E2	2.490000000E2
1.083333333E1	3.250000000E2	2.910000000E2	2.490000000E2
1.086666667E1	3.260000000E2	2.922500000E2	2.480000000E2
1.090000000E1	3.270000000E2	2.920000000E2	2.480000000E2
1.093333333E1	3.280000000E2	2.900000000E2	2.490000000E2
1.096666667E1	3.290000000E2	2.890000000E2	2.480000000E2
1.100000000E1	3.300000000E2	2.877500000E2	2.475000000E2
1.106666667E1	3.320000000E2	2.855000000E2	2.480000000E2
1.110000000E1	3.330000000E2	2.842500000E2	2.490000000E2
1.113333333E1	3.340000000E2	2.842500000E2	2.490000000E2
1.116666667E1	3.350000000E2	2.822500000E2	2.477500000E2
1.120000000E1	3.360000000E2	2.812500000E2	2.487500000E2
1.123333333E1	3.370000000E2	2.802500000E2	2.495000000E2
1.126666667E1	3.380000000E2	2.797500000E2	2.492500000E2
1.130000000E1	3.390000000E2	2.797500000E2	2.487500000E2
1.133333333E1	3.400000000E2	2.782500000E2	2.490000000E2
1.136666667E1	3.410000000E2	2.755000000E2	2.505000000E2
1.140000000E1	3.420000000E2	2.742500000E2	2.505000000E2
1.143333333E1	3.430000000E2	2.732500000E2	2.512500000E2
1.146666667E1	3.440000000E2	2.710000000E2	2.507500000E2
1.150000000E1	3.450000000E2	2.695000000E2	2.507500000E2
1.153333333E1	3.460000000E2	2.690000000E2	2.505000000E2
1.156666667E1	3.470000000E2	2.680000000E2	2.522500000E2
1.160000000E1	3.480000000E2	2.662500000E2	2.527500000E2
1.163333333E1	3.490000000E2	2.655000000E2	2.512500000E2
1.166666667E1	3.500000000E2	2.675000000E2	2.512500000E2
1.170000000E1	3.510000000E2	2.680000000E2	2.510000000E2
1.173333333E1	3.520000000E2	2.657500000E2	2.510000000E2
1.176666667E1	3.530000000E2	2.640000000E2	2.507500000E2
1.180000000E1	3.540000000E2	2.640000000E2	2.507500000E2
1.183333333E1	3.550000000E2	2.630000000E2	2.502500000E2
1.186666667E1	3.560000000E2	2.627500000E2	2.505000000E2
1.190000000E1	3.570000000E2	2.627500000E2	2.505000000E2
1.193333333E1	3.580000000E2	2.622500000E2	2.517500000E2
1.196666667E1	3.590000000E2	2.625000000E2	2.510000000E2
1.200000000E1	3.600000000E2	2.625000000E2	2.510000000E2
1.203333333E1	3.610000000E2	2.625000000E2	2.507500000E2
1.206666667E1	3.620000000E2	2.645000000E2	2.512500000E2
1.210000000E1	3.630000000E2	2.660000000E2	2.517500000E2
1.213333333E1	3.640000000E2	2.677500000E2	2.520000000E2
1.216666667E1	3.650000000E2	2.677500000E2	2.510000000E2
1.220000000E1	3.660000000E2	2.695000000E2	2.505000000E2
1.223333333E1	3.670000000E2	2.707500000E2	2.505000000E2
1.226666667E1	3.680000000E2	2.707500000E2	2.505000000E2
1.230000000E1	3.690000000E2	2.720000000E2	2.507500000E2
1.233333333E1	3.700000000E2	2.732500000E2	2.507500000E2
1.236666667E1	3.710000000E2	2.747500000E2	2.507500000E2
1.240000000E1	3.720000000E2	2.740000000E2	2.507500000E2
1.243333333E1	3.730000000E2	2.752500000E2	2.507500000E2
1.246666667E1	3.740000000E2	2.732500000E2	2.497500000E2
1.250000000E1	3.750000000E2	2.725000000E2	2.500000000E2
1.253333333E1	3.760000000E2	2.715000000E2	2.500000000E2
1.256666667E1	3.770000000E2	2.700000000E2	2.497500000E2
1.260000000E1	3.780000000E2	2.700000000E2	2.497500000E2
1.263333333E1	3.790000000E2	2.700000000E2	2.497500000E2
1.266666667E1	3.800000000E2	2.700000000E2	2.497500000E2
1.270000000E1	3.810000000E2	2.700000000E2	2.497500000E2
1.273333333E1	3.820000000E2	2.700000000E2	2.497500000E2
1.276666667E1	3.830000000E2	2.712500000E2	2.490000000E2
1.280000000E1	3.840000000E2	2.700000000E2	2.490000000E2
1.283333333E1	3.850000000E2	2.700000000E2	2.490000000E2
1.286666667E1	3.860000000E2	2.700000000E2	2.490000000E2
1.290000000E1	3.870000000E2	2.700000000E2	2.490000000E2
1.293333333E1	3.880000000E2	2.700000000E2	2.490000000E2
1.296666667E1	3.890000000E2	2.700000000E2	2.490000000E2
1.300000000E1	3.900000000E2	2.700000000E2	2.490000000E2
1.303333333E1	3.910000000E2	2.700000000E2	2.490000000E2
1.306666667E1	3.920000000E2	2.700000000E2	2.490000000E2
1.310000000E1	3.930000000E2	2.700000000E2	2.490000000E2
1.313333333E1	3.940000000E2	2.700000000E2	2.502500000E2
1.316666667E1	3.950000000E2	2.700000000E2	2.502500000E2
1.320000000E1	3.960000000E2	2.700000000E2	2.502500000E2
1.323333333E1	3.970000000E2	2.700000000E2	2.502500000E2
1.326666667E1	3.980000000E2	2.700000000E2	2.502500000E2
1.330000000E1	3.990000000E2	2.717500000E2	2.502500000E2
1.333333333E1	4.000000000E2	2.735000000E2	2.502500000E2
1.336666667E1	4.010000000E2	2.750000000E2	2.502500000E2
1.340000000E1	4.020000000E2	2.765000000E2	2.502500000E2
1.343333333E1	4.030000000E2	2.765000000E2	2.502500000E2
1.346666667E1	4.040000000E2	2.755000000E2	2.502500000E2
1.350000000E1	4.050000000E2	2.722500000E2	2.507500000E2
1.353333333E1	4.060000000E2	2.722500000E2	2.507500000E2
1.356666667E1	4.070000000E2	2.722500000E2	2.507500000E2
1.360000000E1	4.080000000E2	2.722500000E2	2.507500000E2
1.363333333E1	4.090000000E2	2.722500000E2	2.507500000E2
1.366666667E1	4.100000000E2	2.722500000E2	2.507500000E2
1.370000000E1	4.110000000E2	2.707500000E2	2.507500000E2
1.373333333E1	4.120000000E2	2.700000000E2	2.505000000E2
1.376666667E1	4.130000000E2	2.695000000E2	2.507500000E2
1.380000000E1	4.140000000E2	2.685000000E2	2.515000000E2
1.383333333E1	4.150000000E2	2.680000000E2	2.507500000E2
1.386666667E1	4.160000000E2	2.672500000E2	2.512500000E2
1.390000000E1	4.170000000E2	2.655000000E2	2.510000000E2
1.393333333E1	4.180000000E2	2.645000000E2	2.502500000E2
1.396666667E1	4.190000000E2	2.640000000E2	2.515000000E2
1.400000000E1	4.200000000E2	2.640000000E2	2.515000000E2
1.403333333E1	4.210000000E2	2.617500000E2	2.505000000E2
1.406666667E1	4.220000000E2	2.630000000E2	2.505000000E2
1.410000000E1	4.230000000E2	2.630000000E2	2.505000000E2
1.413333333E1	4.240000000E2	2.650000000E2	2.507500000E2
1.416666667E1	4.250000000E2	2.665000000E2	2.507500000E2
1.420000000E1	4.260000000E2	2.672500000E2	2.507500000E2
1.423333333E1	4.270000000E2	2.662500000E2	2.505000000E2
1.426666667E1	4.280000000E2	2.687500000E2	2.505000000E2
1.430000000E1	4.290000000E2	2.682500000E2	2.505000000E2
1.433333333E1	4.300000000E2	2.682500000E2	2.505000000E2
1.436666667E1	4.310000000E2	2.682500000E2	2.505000000E2
1.440000000E1	4.320000000E2	2.670000000E2	2.502500000E2
1.443333333E1	4.330000000E2	2.670000000E2	2.502500000E2
1.446666667E1	4.340000000E2	2.670000000E2	2.502500000E2
1.450000000E1	4.350000000E2	2.670000000E2	2.502500000E2
1.453333333E1	4.360000000E2	2.680000000E2	2.502500000E2
1.456666667E1	4.370000000E2	2.680000000E2	2.502500000E2
1.460000000E1	4.380000000E2	2.680000000E2	2.502500000E2
1.463333333E1	4.390000000E2	2.682500000E2	2.485000000E2
1.466666667E1	4.400000000E2	2.682500000E2	2.485000000E2
1.470000000E1	4.410000000E2	2.682500000E2	2.485000000E2
1.473333333E1	4.420000000E2	2.682500000E2	2.485000000E2
1.476666667E1	4.430000000E2	2.682500000E2	2.485000000E2
1.480000000E1	4.440000000E2	2.682500000E2	2.485000000E2
1.483333333E1	4.450000000E2	2.682500000E2	2.485000000E2
1.486666667E1	4.460000000E2	2.695000000E2	2.490000000E2
1.490000000E1	4.470000000E2	2.695000000E2	2.490000000E2
1.493333333E1	4.480000000E2	2.692500000E2	2.505000000E2
1.496666667E1	4.490000000E2	2.692500000E2	2.512500000E2
1.500000000E1	4.500000000E2	2.692500000E2	2.510000000E2
1.503333333E1	4.510000000E2	2.682500000E2	2.507500000E2
1.506666667E1	4.520000000E2	2.682500000E2	2.507500000E2
1.510000000E1	4.530000000E2	2.680000000E2	2.507500000E2
1.513333333E1	4.540000000E2	2.680000000E2	2.507500000E2
1.516666667E1	4.550000000E2	2.670000000E2	2.507500000E2
1.520000000E1	4.560000000E2	2.670000000E2	2.507500000E2
1.523333333E1	4.570000000E2	2.670000000E2	2.510000000E2
1.526666667E1	4.580000000E2	2.670000000E2	2.510000000E2
1.530000000E1	4.590000000E2	2.660000000E2	2.510000000E2
1.533333333E1	4.600000000E2	2.660000000E2	2.510000000E2
1.536666667E1	4.610000000E2	2.660000000E2	2.507500000E2
1.540000000E1	4.620000000E2	2.660000000E2	2.507500000E2
1.543333333E1	4.630000000E2	2.660000000E2	2.507500000E2
1.546666667E1	4.640000000E2	2.660000000E2	2.507500000E2
1.550000000E1	4.650000000E2	2.660000000E2	2.507500000E2
1.553333333E1	4.660000000E2	2.670000000E2	2.512500000E2
1.556666667E1	4.670000000E2	2.687500000E2	2.512500000E2
1.560000000E1	4.680000000E2	2.690000000E2	2.507500000E2
1.563333333E1	4.690000000E2	2.690000000E2	2.507500000E2
1.566666667E1	4.700000000E2	2.690000000E2	2.507500000E2
1.570000000E1	4.710000000E2	2.705000000E2	2.507500000E2
1.573333333E1	4.720000000E2	2.705000000E2	2.507500000E2
1.576666667E1	4.730000000E2	2.705000000E2	2.507500000E2
1.580000000E1	4.740000000E2	2.715000000E2	2.515000000E2
1.583333333E1	4.750000000E2	2.725000000E2	2.510000000E2
1.586666667E1	4.760000000E2	2.725000000E2	2.510000000E2
1.590000000E1	4.770000000E2	2.725000000E2	2.510000000E2
1.593333333E1	4.780000000E2	2.715000000E2	2.505000000E2
1.596666667E1	4.790000000E2	2.720000000E2	2.505000000E2
1.600000000E1	4.800000000E2	2.720000000E2	2.505000000E2
1.603333333E1	4.810000000E2	2.707500000E2	2.505000000E2
1.606666667E1	4.820000000E2	2.707500000E2	2.505000000E2
1.610000000E1	4.830000000E2	2.707500000E2	2.505000000E2
1.613333333E1	4.840000000E2	2.707500000E2	2.505000000E2
1.616666667E1	4.850000000E2	2.692500000E2	2.505000000E2
1.620000000E1	4.860000000E2	2.692500000E2	2.505000000E2
1.623333333E1	4.870000000E2	2.692500000E2	2.505000000E2
1.626666667E1	4.880000000E2	2.700000000E2	2.505000000E2
1.630000000E1	4.890000000E2	2.700000000E2	2.505000000E2
1.633333333E1	4.900000000E2	2.705000000E2	2.505000000E2
1.636666667E1	4.910000000E2	2.710000000E2	2.505000000E2
1.640000000E1	4.920000000E2	2.722500000E2	2.505000000E2
1.643333333E1	4.930000000E2	2.717500000E2	2.515000000E2
1.646666667E1	4.940000000E2	2.702500000E2	2.497500000E2
1.650000000E1	4.950000000E2	2.700000000E2	2.500000000E2
1.653333333E1	4.960000000E2	2.700000000E2	2.500000000E2
1.656666667E1	4.970000000E2	2.700000000E2	2.500000000E2
1.660000000E1	4.980000000E2	2.690000000E2	2.507500000E2
1.663333333E1	4.990000000E2	2.692500000E2	2.500000000E2
1.666666667E1	5.000000000E2	2.692500000E2	2.500000000E2
1.670000000E1	5.010000000E2	2.692500000E2	2.502500000E2
1.673333333E1	5.020000000E2	2.692500000E2	2.502500000E2
1.676666667E1	5.030000000E2	2.692500000E2	2.482500000E2
1.680000000E1	5.040000000E2	2.692500000E2	2.482500000E2
1.683333333E1	5.050000000E2	2.692500000E2	2.495000000E2
1.686666667E1	5.060000000E2	2.692500000E2	2.495000000E2
1.690000000E1	5.070000000E2	2.692500000E2	2.495000000E2
1.693333333E1	5.080000000E2	2.692500000E2	2.495000000E2
1.696666667E1	5.090000000E2	2.705000000E2	2.495000000E2
1.700000000E1	5.100000000E2	2.715000000E2	2.490000000E2
1.703333333E1	5.110000000E2	2.715000000E2	2.495000000E2
1.706666667E1	5.120000000E2	2.707500000E2	2.512500000E2
1.710000000E1	5.130000000E2	2.707500000E2	2.497500000E2
1.713333333E1	5.140000000E2	2.712500000E2	2.482500000E2
1.716666667E1	5.150000000E2	2.712500000E2	2.490000000E2
1.720000000E1	5.160000000E2	2.710000000E2	2.492500000E2
1.723333333E1	5.170000000E2	2.710000000E2	2.492500000E2
1.726666667E1	5.180000000E2	2.710000000E2	2.492500000E2
1.730000000E1	5.190000000E2	2.710000000E2	2.492500000E2
1.733333333E1	5.200000000E2	2.710000000E2	2.492500000E2
1.736666667E1	5.210000000E2	2.702500000E2	2.482500000E2
1.740000000E1	5.220000000E2	2.702500000E2	2.482500000E2
1.743333333E1	5.230000000E2	2.702500000E2	2.492500000E2
1.746666667E1	5.240000000E2	2.702500000E2	2.502500000E2
1.750000000E1	5.250000000E2	2.702500000E2	2.492500000E2
1.753333333E1	5.260000000E2	2.702500000E2	2.492500000E2
1.756666667E1	5.270000000E2	2.700000000E2	2.480000000E2
1.760000000E1	5.280000000E2	2.700000000E2	2.480000000E2
1.763333333E1	5.290000000E2	2.700000000E2	2.480000000E2
1.766666667E1	5.300000000E2	2.702500000E2	2.480000000E2
1.770000000E1	5.310000000E2	2.702500000E2	2.480000000E2
1.773333333E1	5.320000000E2	2.702500000E2	2.480000000E2
1.776666667E1	5.330000000E2	2.710000000E2	2.485000000E2
1.780000000E1	5.340000000E2	2.710000000E2	2.490000000E2
1.783333333E1	5.350000000E2	2.717500000E2	2.480000000E2
