t	frame	pixel_{x}	pixel_{y}
0.000000000E0	0.000000000E0	2.233374891E2	2.907812269E2
3.333333333E-2	1.000000000E0	2.233207770E2	2.907354083E2
6.666666667E-2	2.000000000E0	2.234278776E2	2.906395566E2
1.000000000E-1	3.000000000E0	2.233794223E2	2.907686673E2
1.333333333E-1	4.000000000E0	2.233728365E2	2.907972058E2
1.666666667E-1	5.000000000E0	2.233704634E2	2.907626938E2
2.000000000E-1	6.000000000E0	2.233902337E2	2.907353997E2
2.333333333E-1	7.000000000E0	2.233668581E2	2.905852862E2
2.666666667E-1	8.000000000E0	2.233593534E2	2.906936860E2
3.000000000E-1	9.000000000E0	2.233554126E2	2.907537998E2
3.333333333E-1	1.000000000E1	2.234008014E2	2.906803216E2
3.666666667E-1	1.100000000E1	2.233966143E2	2.907702043E2
4.000000000E-1	1.200000000E1	2.234349542E2	2.908618254E2
4.333333333E-1	1.300000000E1	2.233878462E2	2.907078821E2
4.666666667E-1	1.400000000E1	2.234012682E2	2.906474040E2
5.000000000E-1	1.500000000E1	2.233832483E2	2.907272265E2
5.333333333E-1	1.600000000E1	2.233577475E2	2.907293597E2
5.666666667E-1	1.700000000E1	2.233971383E2	2.907665154E2
6.000000000E-1	1.800000000E1	2.233781643E2	2.907583824E2
6.333333333E-1	1.900000000E1	2.233870970E2	2.906587872E2
6.666666667E-1	2.000000000E1	2.234012352E2	2.905871859E2
7.000000000E-1	2.100000000E1	2.233902868E2	2.905233896E2
7.333333333E-1	2.200000000E1	2.234450963E2	2.906300364E2
7.666666667E-1	2.300000000E1	2.234316241E2	2.906038469E2
8.000000000E-1	2.400000000E1	2.234175011E2	2.906157873E2
8.333333333E-1	2.500000000E1	2.234316824E2	2.906611474E2
8.666666667E-1	2.600000000E1	2.234029136E2	2.905325481E2
9.000000000E-1	2.700000000E1	2.234256408E2	2.906062191E2
9.333333333E-1	2.800000000E1	2.234532082E2	2.905030395E2
9.666666667E-1	2.900000000E1	2.233773304E2	2.906889740E2
1.000000000E0	3.000000000E1	2.233678863E2	2.906218919E2
1.033333333E0	3.100000000E1	2.233593196E2	2.906977531E2
1.066666667E0	3.200000000E1	2.233486246E2	2.907455193E2
1.100000000E0	3.300000000E1	2.233508304E2	2.907762934E2
1.133333333E0	3.400000000E1	2.232772747E2	2.908145122E2
1.166666667E0	3.500000000E1	2.231930142E2	2.909096229E2
1.200000000E0	3.600000000E1	2.231693896E2	2.910290208E2
1.233333333E0	3.700000000E1	2.232821965E2	2.909494320E2
1.266666667E0	3.800000000E1	2.232577089E2	2.907002819E2
1.300000000E0	3.900000000E1	2.232944647E2	2.907861679E2
1.333333333E0	4.000000000E1	2.232918046E2	2.907749116E2
1.366666667E0	4.100000000E1	2.232248771E2	2.908482905E2
1.400000000E0	4.200000000E1	2.232444886E2	2.908718665E2
1.433333333E0	4.300000000E1	2.231770160E2	2.909423427E2
1.466666667E0	4.400000000E1	2.231475520E2	2.908109906E2
1.500000000E0	4.500000000E1	2.231285530E2	2.909104065E2
1.533333333E0	4.600000000E1	2.231384979E2	2.909405121E2
1.566666667E0	4.700000000E1	2.231903718E2	2.908061797E2
1.600000000E0	4.800000000E1	2.231582469E2	2.908351158E2
1.633333333E0	4.900000000E1	2.231821275E2	2.909314952E2
1.666666667E0	5.000000000E1	2.231995267E2	2.909562411E2
1.700000000E0	5.100000000E1	2.231988370E2	2.912510180E2
1.733333333E0	5.200000000E1	2.231828110E2	2.908918457E2
1.766666667E0	5.300000000E1	2.231695673E2	2.910015127E2
1.800000000E0	5.400000000E1	2.231153264E2	2.907910495E2
1.833333333E0	5.500000000E1	2.229422050E2	2.906838969E2
1.866666667E0	5.600000000E1	2.231333657E2	2.908701512E2
1.900000000E0	5.700000000E1	2.230718481E2	2.907969037E2
1.933333333E0	5.800000000E1	2.231385060E2	2.906694156E2
1.966666667E0	5.900000000E1	2.231492332E2	2.908950668E2
2.000000000E0	6.000000000E1	2.231075356E2	2.906748350E2
2.033333333E0	6.100000000E1	2.232196136E2	2.907679779E2
2.066666667E0	6.200000000E1	2.232548662E2	2.908566673E2
2.100000000E0	6.300000000E1	2.232595468E2	2.907767707E2
2.133333333E0	6.400000000E1	2.233127929E2	2.907462370E2
2.166666667E0	6.500000000E1	2.232951316E2	2.907514511E2
2.200000000E0	6.600000000E1	2.233337130E2	2.907901119E2
2.233333333E0	6.700000000E1	2.233334725E2	2.907456460E2
2.266666667E0	6.800000000E1	2.233380662E2	2.907622198E2
2.300000000E0	6.900000000E1	2.233344723E2	2.907997751E2
2.333333333E0	7.000000000E1	2.233150666E2	2.908422493E2
2.366666667E0	7.100000000E1	2.232162185E2	2.908459796E2
2.400000000E0	7.200000000E1	2.231189096E2	2.908097209E2
2.433333333E0	7.300000000E1	2.224021656E2	2.906433701E2
2.466666667E0	7.400000000E1	2.220627316E2	2.907398919E2
2.500000000E0	7.500000000E1	2.213199581E2	2.901188578E2
2.533333333E0	7.600000000E1	2.206403547E2	2.894310819E2
2.566666667E0	7.700000000E1	2.202057532E2	2.888528435E2
2.600000000E0	7.800000000E1	2.193989778E2	2.884320055E2
2.633333333E0	7.900000000E1	2.182813611E2	2.885099406E2
2.666666667E0	8.000000000E1	2.164907157E2	2.878740664E2
2.700000000E0	8.100000000E1	2.145963888E2	2.877638920E2
2.733333333E0	8.200000000E1	2.125025173E2	2.871490650E2
2.766666667E0	8.300000000E1	2.104096479E2	2.873703651E2
2.800000000E0	8.400000000E1	2.083817287E2	2.875557921E2
2.833333333E0	8.500000000E1	2.067015179E2	2.875472785E2
2.866666667E0	8.600000000E1	2.053810864E2	2.877092251E2
2.900000000E0	8.700000000E1	2.042120043E2	2.878572032E2
2.933333333E0	8.800000000E1	2.031684367E2	2.879827902E2
2.966666667E0	8.900000000E1	2.022486688E2	2.881824858E2
3.000000000E0	9.000000000E1	2.017321903E2	2.884304282E2
3.033333333E0	9.100000000E1	2.016246532E2	2.885795716E2
3.066666667E0	9.200000000E1	2.017256459E2	2.886242682E2
3.100000000E0	9.300000000E1	2.022570653E2	2.887564326E2
3.133333333E0	9.400000000E1	2.024870118E2	2.888108795E2
3.166666667E0	9.500000000E1	2.033417679E2	2.894353739E2
3.200000000E0	9.600000000E1	2.042616237E2	2.898558022E2
3.233333333E0	9.700000000E1	2.052972370E2	2.898421844E2
3.266666667E0	9.800000000E1	2.063467996E2	2.897123498E2
3.300000000E0	9.900000000E1	2.074065168E2	2.896582582E2
3.333333333E0	1.000000000E2	2.084741649E2	2.896061571E2
3.366666667E0	1.010000000E2	2.095000960E2	2.893471925E2
3.400000000E0	1.020000000E2	2.104806470E2	2.894941078E2
3.433333333E0	1.030000000E2	2.114346177E2	2.896641530E2
3.466666667E0	1.040000000E2	2.124591105E2	2.898597702E2
3.500000000E0	1.050000000E2	2.135505921E2	2.898735589E2
3.533333333E0	1.060000000E2	2.145574962E2	2.898074635E2
3.566666667E0	1.070000000E2	2.156661277E2	2.897104749E2
3.600000000E0	1.080000000E2	2.166132484E2	2.898352529E2
3.633333333E0	1.090000000E2	2.181503882E2	2.909280154E2
3.666666667E0	1.100000000E2	2.193309323E2	2.908901723E2
3.700000000E0	1.110000000E2	2.203138569E2	2.907004423E2
3.733333333E0	1.120000000E2	2.204524120E2	2.904420064E2
3.766666667E0	1.130000000E2	2.200440914E2	2.907152979E2
3.800000000E0	1.140000000E2	2.175351012E2	2.916955206E2
3.833333333E0	1.150000000E2	2.131851928E2	2.921640351E2
3.866666667E0	1.160000000E2	2.064972376E2	2.894143646E2
3.900000000E0	1.170000000E2	1.981878453E2	2.888839779E2
3.933333333E0	1.180000000E2	1.895248619E2	2.865856354E2
3.966666667E0	1.190000000E2	1.828066298E2	2.858784530E2
4.000000000E0	1.200000000E2	1.729060773E2	2.832265193E2
4.033333333E0	1.210000000E2	1.658342541E2	2.814585635E2
4.066666667E0	1.220000000E2	1.575248619E2	2.780994475E2
4.100000000E0	1.230000000E2	1.515138122E2	2.729723757E2
4.133333333E0	1.240000000E2	1.469171271E2	2.692596685E2
4.166666667E0	1.250000000E2	1.437348066E2	2.657237569E2
4.200000000E0	1.260000000E2	1.440883978E2	2.616574586E2
4.233333333E0	1.270000000E2	1.439116022E2	2.607734807E2
4.266666667E0	1.280000000E2	1.462099448E2	2.636022099E2
4.300000000E0	1.290000000E2	1.478011050E2	2.662541436E2
4.333333333E0	1.300000000E2	1.499226519E2	2.692596685E2
4.366666667E0	1.310000000E2	1.545193370E2	2.747403315E2
4.400000000E0	1.320000000E2	1.605303867E2	2.789834254E2
4.433333333E0	1.330000000E2	1.676022099E2	2.821657459E2
4.466666667E0	1.340000000E2	1.757348066E2	2.878232044E2
4.500000000E0	1.350000000E2	1.842209945E2	2.897679558E2
4.533333333E0	1.360000000E2	1.921767956E2	2.920662983E2
4.566666667E0	1.370000000E2	2.017237569E2	2.947182320E2
4.600000000E0	1.380000000E2	2.086187845E2	2.964861878E2
4.633333333E0	1.390000000E2	2.162209945E2	2.970165746E2
4.666666667E0	1.400000000E2	2.215248619E2	2.970165746E2
4.700000000E0	1.410000000E2	2.245303867E2	2.970165746E2
4.733333333E0	1.420000000E2	2.264751381E2	2.971933702E2
4.766666667E0	1.430000000E2	2.271823204E2	2.963093923E2
4.800000000E0	1.440000000E2	2.280662983E2	2.964861878E2
4.833333333E0	1.450000000E2	2.287734807E2	2.956022099E2
4.866666667E0	1.460000000E2	2.291270718E2	2.954254144E2
4.900000000E0	1.470000000E2	2.300110497E2	2.933038674E2
4.933333333E0	1.480000000E2	2.301878453E2	2.931270718E2
4.966666667E0	1.490000000E2	2.307182320E2	2.929502762E2
5.000000000E0	1.500000000E2	2.303646409E2	2.888839779E2
5.033333333E0	1.510000000E2	2.301878453E2	2.835801105E2
5.066666667E0	1.520000000E2	2.285966851E2	2.779226519E2
5.100000000E0	1.530000000E2	2.278895028E2	2.720883978E2
5.133333333E0	1.540000000E2	2.277127072E2	2.659005525E2
5.166666667E0	1.550000000E2	2.270055249E2	2.600662983E2
5.200000000E0	1.560000000E2	2.257679558E2	2.485745856E2
5.233333333E0	1.570000000E2	2.266519337E2	2.416795580E2
5.266666667E0	1.580000000E2	2.282430939E2	2.333701657E2
5.300000000E0	1.590000000E2	2.289502762E2	2.282430939E2
5.333333333E0	1.600000000E2	2.298342541E2	2.229392265E2
5.366666667E0	1.610000000E2	2.314254144E2	2.194033149E2
5.400000000E0	1.620000000E2	2.314254144E2	2.179889503E2
5.433333333E0	1.630000000E2	2.308950276E2	2.174585635E2
5.466666667E0	1.640000000E2	2.307182320E2	2.176353591E2
5.500000000E0	1.650000000E2	2.305414365E2	2.199337017E2
5.533333333E0	1.660000000E2	2.300110497E2	2.222320442E2
5.566666667E0	1.670000000E2	2.291270718E2	2.254143646E2
5.600000000E0	1.680000000E2	2.293038674E2	2.301878453E2
5.633333333E0	1.690000000E2	2.270055249E2	2.349613260E2
5.666666667E0	1.700000000E2	2.271823204E2	2.365524862E2
5.700000000E0	1.710000000E2	2.257679558E2	2.430939227E2
5.733333333E0	1.720000000E2	2.247071823E2	2.480441989E2
5.766666667E0	1.730000000E2	2.229392265E2	2.577679558E2
5.800000000E0	1.740000000E2	2.222320442E2	2.639558011E2
5.833333333E0	1.750000000E2	2.236464088E2	2.689060773E2
5.866666667E0	1.760000000E2	2.240000000E2	2.722651934E2
5.900000000E0	1.770000000E2	2.245303867E2	2.745635359E2
5.933333333E0	1.780000000E2	2.259447514E2	2.770386740E2
5.966666667E0	1.790000000E2	2.254143646E2	2.814585635E2
6.000000000E0	1.800000000E2	2.248839779E2	2.839337017E2
6.033333333E0	1.810000000E2	2.247071823E2	2.841104972E2
6.066666667E0	1.820000000E2	2.245000000E2	2.845000000E2
6.100000000E0	1.830000000E2	2.247500000E2	2.830000000E2
6.133333333E0	1.840000000E2	2.238750000E2	2.868750000E2
6.166666667E0	1.850000000E2	2.237500000E2	2.866250000E2
6.200000000E0	1.860000000E2	2.240000000E2	2.866250000E2
6.233333333E0	1.870000000E2	2.243750000E2	2.886250000E2
6.266666667E0	1.880000000E2	2.245000000E2	2.885000000E2
6.300000000E0	1.890000000E2	2.245000000E2	2.888750000E2
6.333333333E0	1.900000000E2	2.228750000E2	2.896250000E2
6.366666667E0	1.910000000E2	2.228750000E2	2.901250000E2
6.400000000E0	1.920000000E2	2.201250000E2	2.897500000E2
6.433333333E0	1.930000000E2	2.198816049E2	2.891821969E2
6.466666667E0	1.940000000E2	2.190396843E2	2.883402763E2
6.500000000E0	1.950000000E2	2.180574435E2	2.877789958E2
6.533333333E0	1.960000000E2	2.166542425E2	2.893225170E2
6.566666667E0	1.970000000E2	2.174961631E2	2.890418768E2
6.600000000E0	1.980000000E2	2.173558430E2	2.889015567E2
6.633333333E0	1.990000000E2	2.180574435E2	2.889015567E2
6.666666667E0	2.000000000E2	2.187590441E2	2.894628371E2
6.700000000E0	2.010000000E2	2.183380838E2	2.900241175E2
6.733333333E0	2.020000000E2	2.188993642E2	2.903047577E2
6.766666667E0	2.030000000E2	2.187590441E2	2.903047577E2
6.800000000E0	2.040000000E2	2.194606446E2	2.901644376E2
6.833333333E0	2.050000000E2	2.191800044E2	2.904450778E2
6.866666667E0	2.060000000E2	2.184784039E2	2.896031572E2
6.900000000E0	2.070000000E2	2.188993642E2	2.905853979E2
6.933333333E0	2.080000000E2	2.190396843E2	2.907257180E2
6.966666667E0	2.090000000E2	2.190396843E2	2.907257180E2
7.000000000E0	2.100000000E2	2.188993642E2	2.908660381E2
7.033333333E0	2.110000000E2	2.190396843E2	2.908660381E2
7.066666667E0	2.120000000E2	2.188993642E2	2.905853979E2
7.100000000E0	2.130000000E2	2.188993642E2	2.905853979E2
7.133333333E0	2.140000000E2	2.188993642E2	2.904450778E2
7.166666667E0	2.150000000E2	2.190396843E2	2.907257180E2
7.200000000E0	2.160000000E2	2.191800044E2	2.904450778E2
7.233333333E0	2.170000000E2	2.190396843E2	2.904450778E2
7.266666667E0	2.180000000E2	2.190396843E2	2.908660381E2
7.300000000E0	2.190000000E2	2.188993642E2	2.908660381E2
7.333333333E0	2.200000000E2	2.193203245E2	2.904450778E2
7.366666667E0	2.210000000E2	2.194606446E2	2.910063583E2
7.400000000E0	2.220000000E2	2.191800044E2	2.904450778E2
7.433333333E0	2.230000000E2	2.194606446E2	2.901644376E2
7.466666667E0	2.240000000E2	2.200219250E2	2.905853979E2
7.500000000E0	2.250000000E2	2.194606446E2	2.901644376E2
7.533333333E0	2.260000000E2	2.184784039E2	2.903047577E2
7.566666667E0	2.270000000E2	2.187590441E2	2.901644376E2
7.600000000E0	2.280000000E2	2.184784039E2	2.897434773E2
7.633333333E0	2.290000000E2	2.172155229E2	2.908660381E2
7.666666667E0	2.300000000E2	2.166542425E2	2.914273186E2
7.700000000E0	2.310000000E2	2.159526420E2	2.901644376E2
7.733333333E0	2.320000000E2	2.159526420E2	2.901644376E2
7.766666667E0	2.330000000E2	2.155316816E2	2.908660381E2
7.800000000E0	2.340000000E2	2.120236790E2	2.910063583E2
7.833333333E0	2.350000000E2	2.097785573E2	2.917079588E2
7.866666667E0	2.360000000E2	2.078140759E2	2.915676387E2
7.900000000E0	2.370000000E2	2.062705547E2	2.903047577E2
7.933333333E0	2.380000000E2	2.066915150E2	2.900241175E2
7.966666667E0	2.390000000E2	2.072527954E2	2.881999561E2
8.000000000E0	2.400000000E2	2.067844961E2	2.883224806E2
8.033333333E0	2.410000000E2	2.079751938E2	2.869333333E2
8.066666667E0	2.420000000E2	2.085705426E2	2.847503876E2
8.100000000E0	2.430000000E2	2.091658915E2	2.847503876E2
8.133333333E0	2.440000000E2	2.099596899E2	2.841550388E2
8.166666667E0	2.450000000E2	2.097612403E2	2.835596899E2
8.200000000E0	2.460000000E2	2.089674419E2	2.841550388E2
8.233333333E0	2.470000000E2	2.091658915E2	2.845519380E2
8.266666667E0	2.480000000E2	2.101581395E2	2.835596899E2
8.300000000E0	2.490000000E2	2.097612403E2	2.831627907E2
8.333333333E0	2.500000000E2	2.091658915E2	2.841550388E2
8.366666667E0	2.510000000E2	2.087689922E2	2.843534884E2
8.400000000E0	2.520000000E2	2.089674419E2	2.851472868E2
8.433333333E0	2.530000000E2	2.083720930E2	2.853457364E2
8.466666667E0	2.540000000E2	2.097612403E2	2.843534884E2
8.500000000E0	2.550000000E2	2.097612403E2	2.837581395E2
8.533333333E0	2.560000000E2	2.115472868E2	2.845519380E2
8.566666667E0	2.570000000E2	2.119441860E2	2.855441860E2
8.600000000E0	2.580000000E2	2.137302326E2	2.865364341E2
8.633333333E0	2.590000000E2	2.157147287E2	2.887193798E2
8.666666667E0	2.600000000E2	2.167069767E2	2.895131783E2
8.700000000E0	2.610000000E2	2.171038760E2	2.914976744E2
8.733333333E0	2.620000000E2	2.171038760E2	2.930852713E2
8.766666667E0	2.630000000E2	2.175007752E2	2.924899225E2
8.800000000E0	2.640000000E2	2.178976744E2	2.932837209E2
8.833333333E0	2.650000000E2	2.169054264E2	2.940775194E2
8.866666667E0	2.660000000E2	2.141271318E2	2.938790698E2
8.900000000E0	2.670000000E2	2.061891473E2	2.930852713E2
8.933333333E0	2.680000000E2	1.958697674E2	2.922914729E2
8.966666667E0	2.690000000E2	1.801922481E2	2.841550388E2
9.000000000E0	2.700000000E2	1.675789474E2	2.703157895E2
9.033333333E0	2.710000000E2	1.527017544E2	2.565614035E2
9.066666667E0	2.720000000E2	1.352982456E2	2.343859649E2
9.100000000E0	2.730000000E2	1.254736842E2	2.158596491E2
9.133333333E0	2.740000000E2	1.173333333E2	1.956491228E2
9.166666667E0	2.750000000E2	1.139649123E2	1.779649123E2
9.200000000E0	2.760000000E2	1.150877193E2	1.647719298E2
9.233333333E0	2.770000000E2	1.156491228E2	1.541052632E2
9.266666667E0	2.780000000E2	1.178947368E2	1.490526316E2
9.300000000E0	2.790000000E2	1.221052632E2	1.462456140E2
9.333333333E0	2.800000000E2	1.232280702E2	1.442807018E2
9.366666667E0	2.810000000E2	1.232280702E2	1.431578947E2
9.400000000E0	2.820000000E2	1.229473684E2	1.459649123E2
9.433333333E0	2.830000000E2	1.209824561E2	1.482105263E2
9.466666667E0	2.840000000E2	1.207017544E2	1.496140351E2
9.500000000E0	2.850000000E2	1.215438596E2	1.527017544E2
9.533333333E0	2.860000000E2	1.212631579E2	1.555087719E2
9.566666667E0	2.870000000E2	1.181754386E2	1.566315789E2
9.600000000E0	2.880000000E2	1.170526316E2	1.616842105E2
9.633333333E0	2.890000000E2	1.173333333E2	1.709473684E2
9.666666667E0	2.900000000E2	1.167719298E2	1.824561404E2
9.700000000E0	2.910000000E2	1.209824561E2	1.992982456E2
9.733333333E0	2.920000000E2	1.285614035E2	2.133333333E2
9.766666667E0	2.930000000E2	1.383859649E2	2.338245614E2
9.800000000E0	2.940000000E2	1.487719298E2	2.526315789E2
9.833333333E0	2.950000000E2	1.636491228E2	2.661052632E2
9.866666667E0	2.960000000E2	1.751578947E2	2.756491228E2
9.900000000E0	2.970000000E2	1.897543860E2	2.826666667E2
9.933333333E0	2.980000000E2	2.023859649E2	2.868771930E2
9.966666667E0	2.990000000E2	2.116491228E2	2.891228070E2
1.000000000E1	3.000000000E2	2.175438596E2	2.905263158E2
1.003333333E1	3.010000000E2	2.206315789E2	2.910877193E2
1.006666667E1	3.020000000E2	2.240000000E2	2.910877193E2
1.010000000E1	3.030000000E2	2.248421053E2	2.910877193E2
1.013333333E1	3.040000000E2	2.248421053E2	2.910877193E2
1.016666667E1	3.050000000E2	2.248421053E2	2.910877193E2
1.020000000E1	3.060000000E2	2.248421053E2	2.910877193E2
1.023333333E1	3.070000000E2	2.248421053E2	2.910877193E2
1.026666667E1	3.080000000E2	2.245614035E2	2.910877193E2
1.030000000E1	3.090000000E2	2.251228070E2	2.894035088E2
1.033333333E1	3.100000000E2	2.259649123E2	2.882807018E2
1.036666667E1	3.110000000E2	2.259649123E2	2.882807018E2
1.040000000E1	3.120000000E2	2.268070175E2	2.899649123E2
1.043333333E1	3.130000000E2	2.276491228E2	2.899649123E2
1.046666667E1	3.140000000E2	2.282105263E2	2.894035088E2
1.050000000E1	3.150000000E2	2.282105263E2	2.871578947E2
1.053333333E1	3.160000000E2	2.290526316E2	2.860350877E2
1.056666667E1	3.170000000E2	2.287719298E2	2.835087719E2
1.060000000E1	3.180000000E2	2.293333333E2	2.823859649E2
1.063333333E1	3.190000000E2	2.290526316E2	2.818245614E2
1.066666667E1	3.200000000E2	2.284912281E2	2.770526316E2
1.070000000E1	3.210000000E2	2.279298246E2	2.748070175E2
1.073333333E1	3.220000000E2	2.279298246E2	2.722807018E2
1.076666667E1	3.230000000E2	2.273684211E2	2.705964912E2
1.080000000E1	3.240000000E2	2.279298246E2	2.666666667E2
1.083333333E1	3.250000000E2	2.270877193E2	2.649824561E2
1.086666667E1	3.260000000E2	2.259649123E2	2.621754386E2
1.090000000E1	3.270000000E2	2.259649123E2	2.607719298E2
1.093333333E1	3.280000000E2	2.256842105E2	2.602105263E2
1.096666667E1	3.290000000E2	2.254035088E2	2.627368421E2
1.100000000E1	3.300000000E2	2.245614035E2	2.630175439E2
1.103333333E1	3.310000000E2	2.248421053E2	2.669473684E2
1.106666667E1	3.320000000E2	2.242807018E2	2.694736842E2
1.110000000E1	3.330000000E2	2.234385965E2	2.720000000E2
1.113333333E1	3.340000000E2	2.242807018E2	2.720000000E2
1.116666667E1	3.350000000E2	2.240000000E2	2.764912281E2
1.120000000E1	3.360000000E2	2.240000000E2	2.773333333E2
1.123333333E1	3.370000000E2	2.242807018E2	2.829473684E2
1.126666667E1	3.380000000E2	2.231578947E2	2.837894737E2
1.130000000E1	3.390000000E2	2.245614035E2	2.863157895E2
1.133333333E1	3.400000000E2	2.251228070E2	2.891228070E2
1.136666667E1	3.410000000E2	2.228771930E2	2.874385965E2
1.140000000E1	3.420000000E2	2.228771930E2	2.888421053E2
1.143333333E1	3.430000000E2	2.217543860E2	2.910877193E2
1.146666667E1	3.440000000E2	2.195087719E2	2.927719298E2
1.150000000E1	3.450000000E2	2.189473684E2	2.910877193E2
1.153333333E1	3.460000000E2	2.192280702E2	2.908070175E2
1.156666667E1	3.470000000E2	2.172631579E2	2.902456140E2
1.160000000E1	3.480000000E2	2.152982456E2	2.894035088E2
1.163333333E1	3.490000000E2	2.147368421E2	2.905263158E2
1.166666667E1	3.500000000E2	2.147368421E2	2.905263158E2
1.170000000E1	3.510000000E2	2.155789474E2	2.924912281E2
1.173333333E1	3.520000000E2	2.150175439E2	2.927719298E2
1.176666667E1	3.530000000E2	2.144561404E2	2.922105263E2
1.180000000E1	3.540000000E2	2.147368421E2	2.930526316E2
1.183333333E1	3.550000000E2	2.144561404E2	2.930526316E2
1.186666667E1	3.560000000E2	2.144561404E2	2.930526316E2
1.190000000E1	3.570000000E2	2.144561404E2	2.930526316E2
1.193333333E1	3.580000000E2	2.147368421E2	2.924912281E2
1.196666667E1	3.590000000E2	2.150175439E2	2.919298246E2
1.200000000E1	3.600000000E2	2.155789474E2	2.919298246E2
1.203333333E1	3.610000000E2	2.158596491E2	2.924912281E2
1.206666667E1	3.620000000E2	2.167017544E2	2.924912281E2
1.210000000E1	3.630000000E2	2.175438596E2	2.933333333E2
1.213333333E1	3.640000000E2	2.192280702E2	2.936140351E2
1.216666667E1	3.650000000E2	2.181052632E2	2.930526316E2
1.220000000E1	3.660000000E2	2.186666667E2	2.930526316E2
1.223333333E1	3.670000000E2	2.186666667E2	2.930526316E2
1.226666667E1	3.680000000E2	2.200701754E2	2.922105263E2
1.230000000E1	3.690000000E2	2.211929825E2	2.933333333E2
1.236666667E1	3.710000000E2	2.203508772E2	2.927719298E2
1.240000000E1	3.720000000E2	2.220350877E2	2.922105263E2
1.243333333E1	3.730000000E2	2.214736842E2	2.908070175E2
1.246666667E1	3.740000000E2	2.211929825E2	2.908070175E2
1.250000000E1	3.750000000E2	2.223157895E2	2.919298246E2
1.253333333E1	3.760000000E2	2.223157895E2	2.919298246E2
1.256666667E1	3.770000000E2	2.217543860E2	2.910877193E2
1.260000000E1	3.780000000E2	2.217543860E2	2.919298246E2
1.263333333E1	3.790000000E2	2.217543860E2	2.919298246E2
1.266666667E1	3.800000000E2	2.217543860E2	2.919298246E2
1.270000000E1	3.810000000E2	2.217543860E2	2.922105263E2
1.273333333E1	3.820000000E2	2.217543860E2	2.922105263E2
1.276666667E1	3.830000000E2	2.211929825E2	2.916491228E2
1.280000000E1	3.840000000E2	2.197894737E2	2.930526316E2
1.283333333E1	3.850000000E2	2.200701754E2	2.927719298E2
1.286666667E1	3.860000000E2	2.206315789E2	2.919298246E2
1.290000000E1	3.870000000E2	2.209122807E2	2.927719298E2
1.293333333E1	3.880000000E2	2.209122807E2	2.933333333E2
1.296666667E1	3.890000000E2	2.192280702E2	2.933333333E2
1.300000000E1	3.900000000E2	2.186666667E2	2.936140351E2
1.303333333E1	3.910000000E2	2.186666667E2	2.950175439E2
1.306666667E1	3.920000000E2	2.178245614E2	2.933333333E2
1.310000000E1	3.930000000E2	2.181052632E2	2.927719298E2
1.313333333E1	3.940000000E2	2.189473684E2	2.930526316E2
1.316666667E1	3.950000000E2	2.203508772E2	2.927719298E2
1.320000000E1	3.960000000E2	2.223157895E2	2.927719298E2
1.323333333E1	3.970000000E2	2.220350877E2	2.936140351E2
1.326666667E1	3.980000000E2	2.237192982E2	2.930526316E2
1.330000000E1	3.990000000E2	2.262456140E2	2.941754386E2
1.333333333E1	4.000000000E2	2.265263158E2	2.964210526E2
1.336666667E1	4.010000000E2	2.268070175E2	2.950175439E2
1.340000000E1	4.020000000E2	2.268070175E2	2.950175439E2
1.343333333E1	4.030000000E2	2.259649123E2	2.944561404E2
1.346666667E1	4.040000000E2	2.256842105E2	2.952982456E2
1.350000000E1	4.050000000E2	2.256842105E2	2.952982456E2
1.353333333E1	4.060000000E2	2.259649123E2	2.950175439E2
1.356666667E1	4.070000000E2	2.251228070E2	2.938947368E2
1.360000000E1	4.080000000E2	2.242807018E2	2.950175439E2
1.363333333E1	4.090000000E2	2.242807018E2	2.950175439E2
1.366666667E1	4.100000000E2	2.242807018E2	2.941754386E2
1.370000000E1	4.110000000E2	2.228771930E2	2.924912281E2
1.373333333E1	4.120000000E2	2.228771930E2	2.927719298E2
1.376666667E1	4.130000000E2	2.231578947E2	2.927719298E2
1.380000000E1	4.140000000E2	2.225964912E2	2.933333333E2
1.383333333E1	4.150000000E2	2.214736842E2	2.927719298E2
1.386666667E1	4.160000000E2	2.214736842E2	2.916491228E2
1.390000000E1	4.170000000E2	2.211929825E2	2.910877193E2
1.393333333E1	4.180000000E2	2.197894737E2	2.896842105E2
1.396666667E1	4.190000000E2	2.197894737E2	2.896842105E2
1.400000000E1	4.200000000E2	2.189473684E2	2.896842105E2
1.403333333E1	4.210000000E2	2.183859649E2	2.896842105E2
1.406666667E1	4.220000000E2	2.195087719E2	2.888421053E2
1.410000000E1	4.230000000E2	2.181052632E2	2.888421053E2
1.413333333E1	4.240000000E2	2.181052632E2	2.916491228E2
1.416666667E1	4.250000000E2	2.186666667E2	2.885614035E2
1.420000000E1	4.260000000E2	2.178245614E2	2.908070175E2
1.423333333E1	4.270000000E2	2.206315789E2	2.913684211E2
1.426666667E1	4.280000000E2	2.209122807E2	2.910877193E2
1.430000000E1	4.290000000E2	2.217543860E2	2.902456140E2
1.433333333E1	4.300000000E2	2.217543860E2	2.902456140E2
1.436666667E1	4.310000000E2	2.209122807E2	2.910877193E2
1.440000000E1	4.320000000E2	2.206315789E2	2.910877193E2
1.443333333E1	4.330000000E2	2.186666667E2	2.910877193E2
1.446666667E1	4.340000000E2	2.181052632E2	2.913684211E2
1.450000000E1	4.350000000E2	2.175438596E2	2.913684211E2
1.453333333E1	4.360000000E2	2.150175439E2	2.916491228E2
1.456666667E1	4.370000000E2	2.088421053E2	2.913684211E2
1.460000000E1	4.380000000E2	1.998596491E2	2.880000000E2
1.463333333E1	4.390000000E2	1.855438596E2	2.837894737E2
1.466666667E1	4.400000000E2	1.672982456E2	2.655438596E2
1.470000000E1	4.410000000E2	1.515789474E2	2.515087719E2
1.473333333E1	4.420000000E2	1.361403509E2	2.287719298E2
1.476666667E1	4.430000000E2	1.218245614E2	2.085614035E2
1.480000000E1	4.440000000E2	1.128421053E2	1.802105263E2
1.483333333E1	4.450000000E2	1.117192982E2	1.507368421E2
1.486666667E1	4.460000000E2	1.162105263E2	1.218245614E2
1.490000000E1	4.470000000E2	1.226666667E2	1.030175439E2
1.493333333E1	4.480000000E2	1.341754386E2	8.842105263E1
1.496666667E1	4.490000000E2	1.456842105E2	7.214035088E1
1.500000000E1	4.500000000E2	1.583157895E2	5.866666667E1
1.503333333E1	4.510000000E2	1.723508772E2	4.491228070E1
1.506666667E1	4.520000000E2	1.827368421E2	3.621052632E1
1.510000000E1	4.530000000E2	1.903157895E2	3.143859649E1
1.513333333E1	4.540000000E2	2.029473684E2	3.087719298E1
1.516666667E1	4.550000000E2	2.096842105E2	2.750877193E1
1.520000000E1	4.560000000E2	2.181052632E2	2.722807018E1
1.523333333E1	4.570000000E2	2.214736842E2	2.863157895E1
1.526666667E1	4.580000000E2	2.240000000E2	2.863157895E1
1.530000000E1	4.590000000E2	2.282105263E2	2.722807018E1
1.533333333E1	4.600000000E2	2.287719298E2	2.722807018E1
1.536666667E1	4.610000000E2	2.296140351E2	2.694736842E1
1.540000000E1	4.620000000E2	2.287719298E2	2.722807018E1
1.543333333E1	4.630000000E2	2.273684211E2	2.778947368E1
1.546666667E1	4.640000000E2	2.268070175E2	2.778947368E1
1.550000000E1	4.650000000E2	2.256842105E2	2.750877193E1
1.553333333E1	4.660000000E2	2.211929825E2	2.891228070E1
1.556666667E1	4.670000000E2	2.167017544E2	2.863157895E1
1.560000000E1	4.680000000E2	2.122105263E2	2.947368421E1
1.563333333E1	4.690000000E2	2.082807018E2	2.947368421E1
1.566666667E1	4.700000000E2	2.021052632E2	3.143859649E1
1.570000000E1	4.710000000E2	1.922807018E2	3.592982456E1
1.573333333E1	4.720000000E2	1.869473684E2	3.901754386E1
1.576666667E1	4.730000000E2	1.779649123E2	4.126315789E1
1.580000000E1	4.740000000E2	1.672982456E2	5.052631579E1
1.583333333E1	4.750000000E2	1.541052632E2	5.838596491E1
1.586666667E1	4.760000000E2	1.406315789E2	7.129824561E1
1.590000000E1	4.770000000E2	1.291228070E2	8.842105263E1
1.593333333E1	4.780000000E2	1.184561404E2	1.010526316E2
1.596666667E1	4.790000000E2	1.086315789E2	1.237894737E2
1.600000000E1	4.800000000E2	1.049824561E2	1.496140351E2
1.603333333E1	4.810000000E2	1.153684211E2	1.726315789E2
1.606666667E1	4.820000000E2	1.181754386E2	2.007017544E2
1.610000000E1	4.830000000E2	1.277192982E2	2.240000000E2
1.613333333E1	4.840000000E2	1.411929825E2	2.430877193E2
1.616666667E1	4.850000000E2	1.510175439E2	2.568421053E2
1.620000000E1	4.860000000E2	1.639298246E2	2.725614035E2
1.623333333E1	4.870000000E2	1.760000000E2	2.815438596E2
1.626666667E1	4.880000000E2	1.866666667E2	2.860350877E2
1.630000000E1	4.890000000E2	1.984561404E2	2.882807018E2
1.633333333E1	4.900000000E2	2.049122807E2	2.894035088E2
1.636666667E1	4.910000000E2	2.099649123E2	2.905263158E2
1.640000000E1	4.920000000E2	2.144561404E2	2.919298246E2
1.643333333E1	4.930000000E2	2.164210526E2	2.922105263E2
1.646666667E1	4.940000000E2	2.183859649E2	2.936140351E2
1.650000000E1	4.950000000E2	2.189473684E2	2.930526316E2
1.653333333E1	4.960000000E2	2.203508772E2	2.924912281E2
1.656666667E1	4.970000000E2	2.211929825E2	2.927719298E2
1.660000000E1	4.980000000E2	2.209122807E2	2.922105263E2
1.663333333E1	4.990000000E2	2.217543860E2	2.919298246E2
1.666666667E1	5.000000000E2	2.220350877E2	2.919298246E2
1.670000000E1	5.010000000E2	2.228771930E2	2.916491228E2
1.673333333E1	5.020000000E2	2.225964912E2	2.908070175E2
1.676666667E1	5.030000000E2	2.223157895E2	2.908070175E2
1.680000000E1	5.040000000E2	2.223157895E2	2.908070175E2
1.683333333E1	5.050000000E2	2.223157895E2	2.908070175E2
1.686666667E1	5.060000000E2	2.223157895E2	2.908070175E2
1.690000000E1	5.070000000E2	2.223157895E2	2.908070175E2
1.693333333E1	5.080000000E2	2.223157895E2	2.908070175E2
1.696666667E1	5.090000000E2	2.223157895E2	2.908070175E2
1.700000000E1	5.100000000E2	2.220350877E2	2.908070175E2
1.703333333E1	5.110000000E2	2.220350877E2	2.908070175E2
1.706666667E1	5.120000000E2	2.217543860E2	2.882807018E2
1.710000000E1	5.130000000E2	2.217543860E2	2.865964912E2
1.713333333E1	5.140000000E2	2.217543860E2	2.894035088E2
1.716666667E1	5.150000000E2	2.220350877E2	2.910877193E2
1.720000000E1	5.160000000E2	2.209122807E2	2.894035088E2
1.723333333E1	5.170000000E2	2.234385965E2	2.922105263E2
1.726666667E1	5.180000000E2	2.231578947E2	2.944561404E2
1.730000000E1	5.190000000E2	2.225964912E2	2.905263158E2
1.733333333E1	5.200000000E2	2.223157895E2	2.896842105E2
1.736666667E1	5.210000000E2	2.214736842E2	2.882807018E2
1.740000000E1	5.220000000E2	2.206315789E2	2.868771930E2
1.743333333E1	5.230000000E2	2.211929825E2	2.874385965E2
1.746666667E1	5.240000000E2	2.217543860E2	2.888421053E2
1.750000000E1	5.250000000E2	2.214736842E2	2.894035088E2
1.753333333E1	5.260000000E2	2.211929825E2	2.877192982E2
1.756666667E1	5.270000000E2	2.211929825E2	2.877192982E2
1.760000000E1	5.280000000E2	2.211929825E2	2.877192982E2
1.763333333E1	5.290000000E2	2.225964912E2	2.885614035E2
1.766666667E1	5.300000000E2	2.223157895E2	2.899649123E2
1.770000000E1	5.310000000E2	2.223157895E2	2.899649123E2
1.773333333E1	5.320000000E2	2.223157895E2	2.899649123E2
1.776666667E1	5.330000000E2	2.223157895E2	2.899649123E2
1.780000000E1	5.340000000E2	2.223157895E2	2.899649123E2
1.783333333E1	5.350000000E2	2.223157895E2	2.899649123E2
