t	frame	pixel_{x}	pixel_{y}
0.000000000E0	0.000000000E0	2.415000000E2	2.675000000E2
3.333333333E-2	1.000000000E0	2.416607255E2	2.675333063E2
6.666666667E-2	2.000000000E0	2.416857421E2	2.675254420E2
1.000000000E-1	3.000000000E0	2.416782227E2	2.675328111E2
1.333333333E-1	4.000000000E0	2.423012527E2	2.674958190E2
1.666666667E-1	5.000000000E0	2.422934837E2	2.674997818E2
2.000000000E-1	6.000000000E0	2.417313658E2	2.675261763E2
2.333333333E-1	7.000000000E0	2.415485209E2	2.675171061E2
2.666666667E-1	8.000000000E0	2.415243516E2	2.675118049E2
3.000000000E-1	9.000000000E0	2.417262187E2	2.675256266E2
3.333333333E-1	1.000000000E1	2.420568421E2	2.674851679E2
3.666666667E-1	1.100000000E1	2.421961989E2	2.674917317E2
4.000000000E-1	1.200000000E1	2.418788467E2	2.675341260E2
4.333333333E-1	1.300000000E1	2.415366895E2	2.675136284E2
4.666666667E-1	1.400000000E1	2.415435819E2	2.675074476E2
5.000000000E-1	1.500000000E1	2.414860594E2	2.675100334E2
5.333333333E-1	1.600000000E1	2.418408085E2	2.675394728E2
5.666666667E-1	1.700000000E1	2.422604467E2	2.674865897E2
6.000000000E-1	1.800000000E1	2.419335589E2	2.675406140E2
6.333333333E-1	1.900000000E1	2.417445444E2	2.675399911E2
6.666666667E-1	2.000000000E1	2.416240443E2	2.675224003E2
7.000000000E-1	2.100000000E1	2.415610556E2	2.675127802E2
7.333333333E-1	2.200000000E1	2.415278960E2	2.675080416E2
7.666666667E-1	2.300000000E1	2.417586075E2	2.675355736E2
8.000000000E-1	2.400000000E1	2.417584771E2	2.675353458E2
8.333333333E-1	2.500000000E1	2.415614355E2	2.675135743E2
8.666666667E-1	2.600000000E1	2.416418716E2	2.675242871E2
9.000000000E-1	2.700000000E1	2.415461576E2	2.675099604E2
9.333333333E-1	2.800000000E1	2.416959355E2	2.675262975E2
9.666666667E-1	2.900000000E1	2.416049824E2	2.675203742E2
1.000000000E0	3.000000000E1	2.417098504E2	2.675320557E2
1.033333333E0	3.100000000E1	2.415994850E2	2.675167020E2
1.066666667E0	3.200000000E1	2.418331861E2	2.675404347E2
1.100000000E0	3.300000000E1	2.416286472E2	2.675195119E2
1.133333333E0	3.400000000E1	2.418086333E2	2.675306803E2
1.166666667E0	3.500000000E1	2.421383076E2	2.674968170E2
1.200000000E0	3.600000000E1	2.426731844E2	2.675263293E2
1.233333333E0	3.700000000E1	2.426648088E2	2.675283038E2
1.266666667E0	3.800000000E1	2.426964633E2	2.675278312E2
1.300000000E0	3.900000000E1	2.426858458E2	2.675317385E2
1.333333333E0	4.000000000E1	2.432157429E2	2.674979743E2
1.366666667E0	4.100000000E1	2.428567131E2	2.675355642E2
1.400000000E0	4.200000000E1	2.431087276E2	2.674902983E2
1.433333333E0	4.300000000E1	2.428057619E2	2.675264299E2
1.466666667E0	4.400000000E1	2.428602131E2	2.675294697E2
1.500000000E0	4.500000000E1	2.429121461E2	2.675324433E2
1.533333333E0	4.600000000E1	2.430270964E2	2.674889995E2
1.566666667E0	4.700000000E1	2.430537119E2	2.674902390E2
1.600000000E0	4.800000000E1	2.434629241E2	2.675073727E2
1.633333333E0	4.900000000E1	2.434375444E2	2.675140557E2
1.666666667E0	5.000000000E1	2.435773925E2	2.675180731E2
1.700000000E0	5.100000000E1	2.436737605E2	2.675213235E2
1.733333333E0	5.200000000E1	2.435143969E2	2.675136296E2
1.766666667E0	5.300000000E1	2.434175854E2	2.675005557E2
1.800000000E0	5.400000000E1	2.435076235E2	2.675129194E2
1.833333333E0	5.500000000E1	2.434820995E2	2.675108593E2
1.866666667E0	5.600000000E1	2.435286306E2	2.675136893E2
1.900000000E0	5.700000000E1	2.435456190E2	2.675212312E2
1.933333333E0	5.800000000E1	2.436492977E2	2.675176654E2
1.966666667E0	5.900000000E1	2.436027174E2	2.675190447E2
2.000000000E0	6.000000000E1	2.435699466E2	2.675123035E2
2.033333333E0	6.100000000E1	2.434519448E2	2.675012056E2
2.066666667E0	6.200000000E1	2.436007953E2	2.675086532E2
2.100000000E0	6.300000000E1	2.434647965E2	2.674984292E2
2.133333333E0	6.400000000E1	2.435713005E2	2.675122893E2
2.166666667E0	6.500000000E1	2.435367475E2	2.675096524E2
2.200000000E0	6.600000000E1	2.435493179E2	2.675092554E2
2.233333333E0	6.700000000E1	2.435261335E2	2.675106895E2
2.266666667E0	6.800000000E1	2.436184657E2	2.675203802E2
2.300000000E0	6.900000000E1	2.435303884E2	2.675130566E2
2.333333333E0	7.000000000E1	2.434667165E2	2.675071618E2
2.366666667E0	7.100000000E1	2.434044661E2	2.674972099E2
2.400000000E0	7.200000000E1	2.432245913E2	2.674830042E2
2.433333333E0	7.300000000E1	2.430539818E2	2.674693363E2
2.466666667E0	7.400000000E1	2.427026661E2	2.675162891E2
2.500000000E0	7.500000000E1	2.428196117E2	2.675336115E2
2.533333333E0	7.600000000E1	2.431280864E2	2.674732535E2
2.566666667E0	7.700000000E1	2.426559910E2	2.675318535E2
2.600000000E0	7.800000000E1	2.420815812E2	2.674664528E2
2.633333333E0	7.900000000E1	2.382084056E2	2.684831557E2
2.666666667E0	8.000000000E1	2.382914523E2	2.684837305E2
2.700000000E0	8.100000000E1	2.343740232E2	2.694885603E2
2.733333333E0	8.200000000E1	2.346228910E2	2.695126929E2
2.766666667E0	8.300000000E1	2.343984218E2	2.694862192E2
2.800000000E0	8.400000000E1	2.305415583E2	2.704992462E2
2.833333333E0	8.500000000E1	2.294025118E2	2.704853353E2
2.866666667E0	8.600000000E1	2.288018722E2	2.705441809E2
2.900000000E0	8.700000000E1	2.282018822E2	2.704760541E2
2.933333333E0	8.800000000E1	2.276414579E2	2.705344247E2
2.966666667E0	8.900000000E1	2.273596017E2	2.704957066E2
3.000000000E0	9.000000000E1	2.235857276E2	2.715072542E2
3.033333333E0	9.100000000E1	2.263542168E2	2.704966552E2
3.066666667E0	9.200000000E1	2.256208516E2	2.705303845E2
3.100000000E0	9.300000000E1	2.256672603E2	2.705398022E2
3.133333333E0	9.400000000E1	2.257950268E2	2.705515173E2
3.166666667E0	9.500000000E1	2.268070787E2	2.705558127E2
3.200000000E0	9.600000000E1	2.271535299E2	2.704685765E2
3.233333333E0	9.700000000E1	2.271353277E2	2.704608575E2
3.266666667E0	9.800000000E1	2.273043130E2	2.704784104E2
3.300000000E0	9.900000000E1	2.271237804E2	2.704500202E2
3.333333333E0	1.000000000E2	2.299185903E2	2.695699051E2
3.366666667E0	1.010000000E2	2.303058569E2	2.694822021E2
3.400000000E0	1.020000000E2	2.307197890E2	2.695365505E2
3.433333333E0	1.030000000E2	2.307801897E2	2.695470736E2
3.466666667E0	1.040000000E2	2.308557125E2	2.695405647E2
3.500000000E0	1.050000000E2	2.355381352E2	2.685087933E2
3.533333333E0	1.060000000E2	2.318540468E2	2.695408479E2
3.566666667E0	1.070000000E2	2.327037618E2	2.695237498E2
3.600000000E0	1.080000000E2	2.373876991E2	2.684937260E2
3.633333333E0	1.090000000E2	2.385562119E2	2.685136696E2
3.666666667E0	1.100000000E2	2.386813960E2	2.685214508E2
3.700000000E0	1.110000000E2	2.391677874E2	2.684800835E2
3.733333333E0	1.120000000E2	2.392800169E2	2.684735065E2
3.766666667E0	1.130000000E2	2.396176024E2	2.685035891E2
3.800000000E0	1.140000000E2	2.401800242E2	2.684829887E2
3.833333333E0	1.150000000E2	2.405526596E2	2.685093806E2
3.866666667E0	1.160000000E2	2.404999403E2	2.685003766E2
3.900000000E0	1.170000000E2	2.407439440E2	2.685221760E2
3.933333333E0	1.180000000E2	2.409742656E2	2.685391377E2
3.966666667E0	1.190000000E2	2.413176984E2	2.684979922E2
4.000000000E0	1.200000000E2	2.414728208E2	2.685041637E2
4.033333333E0	1.210000000E2	2.414073281E2	2.684964336E2
4.066666667E0	1.220000000E2	2.416785352E2	2.685191806E2
4.100000000E0	1.230000000E2	2.418202740E2	2.685228161E2
4.133333333E0	1.240000000E2	2.424204305E2	2.684944332E2
4.166666667E0	1.250000000E2	2.427280432E2	2.685177532E2
4.200000000E0	1.260000000E2	2.423877123E2	2.684920630E2
4.233333333E0	1.270000000E2	2.424894140E2	2.684994586E2
4.266666667E0	1.280000000E2	2.421482805E2	2.684751754E2
4.300000000E0	1.290000000E2	2.421614225E2	2.684664191E2
4.333333333E0	1.300000000E2	2.425321996E2	2.685007963E2
4.366666667E0	1.310000000E2	2.424162729E2	2.684921246E2
4.400000000E0	1.320000000E2	2.422494860E2	2.684734918E2
4.433333333E0	1.330000000E2	2.422162027E2	2.684792883E2
4.466666667E0	1.340000000E2	2.424150968E2	2.684947350E2
4.500000000E0	1.350000000E2	2.419284214E2	2.685184781E2
4.533333333E0	1.360000000E2	2.417035579E2	2.685158456E2
4.566666667E0	1.370000000E2	2.415322463E2	2.685038028E2
4.600000000E0	1.380000000E2	2.415891479E2	2.685115059E2
4.633333333E0	1.390000000E2	2.414208569E2	2.684915554E2
4.666666667E0	1.400000000E2	2.414328122E2	2.684956649E2
4.700000000E0	1.410000000E2	2.404457093E2	2.684881737E2
4.733333333E0	1.420000000E2	2.410916704E2	2.684518214E2
4.766666667E0	1.430000000E2	2.413801141E2	2.684667823E2
4.800000000E0	1.440000000E2	2.460892710E2	2.674947429E2
4.833333333E0	1.450000000E2	2.465098399E2	2.675128664E2
4.866666667E0	1.460000000E2	2.462287961E2	2.674846403E2
4.900000000E0	1.470000000E2	2.456328426E2	2.674493505E2
4.933333333E0	1.480000000E2	2.477025415E2	2.665146097E2
4.966666667E0	1.490000000E2	2.486676634E2	2.654921884E2
5.000000000E0	1.500000000E2	2.550323864E2	2.635094014E2
5.033333333E0	1.510000000E2	2.554986917E2	2.624754765E2
5.066666667E0	1.520000000E2	2.572155425E2	2.611937311E2
5.100000000E0	1.530000000E2	2.594061842E2	2.596235079E2
5.133333333E0	1.540000000E2	2.599314296E2	2.578248388E2
5.166666667E0	1.550000000E2	2.613399118E2	2.552667503E2
5.200000000E0	1.560000000E2	2.621697831E2	2.525106949E2
5.233333333E0	1.570000000E2	2.580000000E2	2.462500000E2
5.266666667E0	1.580000000E2	2.555000000E2	2.445000000E2
5.300000000E0	1.590000000E2	2.540000000E2	2.415000000E2
5.333333333E0	1.600000000E2	2.520000000E2	2.360000000E2
5.366666667E0	1.610000000E2	2.517500000E2	2.335000000E2
5.400000000E0	1.620000000E2	2.512500000E2	2.315000000E2
5.433333333E0	1.630000000E2	2.500000000E2	2.302500000E2
5.466666667E0	1.640000000E2	2.505000000E2	2.317500000E2
5.500000000E0	1.650000000E2	2.497500000E2	2.322500000E2
5.533333333E0	1.660000000E2	2.497500000E2	2.322500000E2
5.566666667E0	1.670000000E2	2.497500000E2	2.337500000E2
5.600000000E0	1.680000000E2	2.495000000E2	2.367500000E2
5.633333333E0	1.690000000E2	2.495000000E2	2.400000000E2
5.666666667E0	1.700000000E2	2.495000000E2	2.430000000E2
5.700000000E0	1.710000000E2	2.495000000E2	2.462500000E2
5.733333333E0	1.720000000E2	2.495000000E2	2.492500000E2
5.766666667E0	1.730000000E2	2.492500000E2	2.517500000E2
5.800000000E0	1.740000000E2	2.490000000E2	2.547500000E2
5.833333333E0	1.750000000E2	2.475000000E2	2.565000000E2
5.866666667E0	1.760000000E2	2.475000000E2	2.582500000E2
5.900000000E0	1.770000000E2	2.475000000E2	2.610000000E2
5.933333333E0	1.780000000E2	2.475000000E2	2.635000000E2
5.966666667E0	1.790000000E2	2.475000000E2	2.665000000E2
6.000000000E0	1.800000000E2	2.475000000E2	2.685000000E2
6.033333333E0	1.810000000E2	2.475000000E2	2.700000000E2
6.066666667E0	1.820000000E2	2.475000000E2	2.720000000E2
6.100000000E0	1.830000000E2	2.475000000E2	2.720000000E2
6.133333333E0	1.840000000E2	2.475000000E2	2.720000000E2
6.166666667E0	1.850000000E2	2.460000000E2	2.720000000E2
6.200000000E0	1.860000000E2	2.447500000E2	2.720000000E2
6.233333333E0	1.870000000E2	2.440000000E2	2.725000000E2
6.266666667E0	1.880000000E2	2.427500000E2	2.725000000E2
6.300000000E0	1.890000000E2	2.410000000E2	2.725000000E2
6.333333333E0	1.900000000E2	2.402500000E2	2.725000000E2
6.366666667E0	1.910000000E2	2.390000000E2	2.725000000E2
6.400000000E0	1.920000000E2	2.382500000E2	2.737500000E2
6.433333333E0	1.930000000E2	2.370000000E2	2.737500000E2
6.466666667E0	1.940000000E2	2.352500000E2	2.742500000E2
6.500000000E0	1.950000000E2	2.352500000E2	2.742500000E2
6.533333333E0	1.960000000E2	2.325000000E2	2.737500000E2
6.566666667E0	1.970000000E2	2.310000000E2	2.740000000E2
6.600000000E0	1.980000000E2	2.310000000E2	2.740000000E2
6.633333333E0	1.990000000E2	2.320000000E2	2.752500000E2
6.666666667E0	2.000000000E2	2.320000000E2	2.752500000E2
6.700000000E0	2.010000000E2	2.320000000E2	2.752500000E2
6.733333333E0	2.020000000E2	2.320000000E2	2.752500000E2
6.766666667E0	2.030000000E2	2.327500000E2	2.752500000E2
6.800000000E0	2.040000000E2	2.327500000E2	2.757500000E2
6.833333333E0	2.050000000E2	2.335000000E2	2.747500000E2
6.866666667E0	2.060000000E2	2.347500000E2	2.752500000E2
6.900000000E0	2.070000000E2	2.347500000E2	2.752500000E2
6.933333333E0	2.080000000E2	2.347500000E2	2.752500000E2
6.966666667E0	2.090000000E2	2.345000000E2	2.752500000E2
7.000000000E0	2.100000000E2	2.345000000E2	2.752500000E2
7.033333333E0	2.110000000E2	2.345000000E2	2.740000000E2
7.066666667E0	2.120000000E2	2.342500000E2	2.735000000E2
7.100000000E0	2.130000000E2	2.342500000E2	2.735000000E2
7.133333333E0	2.140000000E2	2.342500000E2	2.735000000E2
7.166666667E0	2.150000000E2	2.342500000E2	2.735000000E2
7.200000000E0	2.160000000E2	2.342500000E2	2.735000000E2
7.233333333E0	2.170000000E2	2.342500000E2	2.735000000E2
7.266666667E0	2.180000000E2	2.342500000E2	2.735000000E2
7.300000000E0	2.190000000E2	2.342500000E2	2.735000000E2
7.333333333E0	2.200000000E2	2.342500000E2	2.735000000E2
7.366666667E0	2.210000000E2	2.342500000E2	2.735000000E2
7.400000000E0	2.220000000E2	2.342500000E2	2.735000000E2
7.433333333E0	2.230000000E2	2.342500000E2	2.735000000E2
7.466666667E0	2.240000000E2	2.342500000E2	2.735000000E2
7.500000000E0	2.250000000E2	2.332500000E2	2.735000000E2
7.533333333E0	2.260000000E2	2.332500000E2	2.735000000E2
7.566666667E0	2.270000000E2	2.347500000E2	2.727500000E2
7.600000000E0	2.280000000E2	2.340000000E2	2.727500000E2
7.633333333E0	2.290000000E2	2.340000000E2	2.727500000E2
7.666666667E0	2.300000000E2	2.322500000E2	2.745000000E2
7.700000000E0	2.310000000E2	2.320000000E2	2.740000000E2
7.733333333E0	2.320000000E2	2.320000000E2	2.740000000E2
7.766666667E0	2.330000000E2	2.295000000E2	2.750000000E2
7.800000000E0	2.340000000E2	2.267500000E2	2.747500000E2
7.833333333E0	2.350000000E2	2.245000000E2	2.752500000E2
7.866666667E0	2.360000000E2	2.225000000E2	2.755000000E2
7.900000000E0	2.370000000E2	2.210000000E2	2.755000000E2
7.933333333E0	2.380000000E2	2.217500000E2	2.755000000E2
7.966666667E0	2.390000000E2	2.212500000E2	2.757500000E2
8.000000000E0	2.400000000E2	2.215000000E2	2.765000000E2
8.033333333E0	2.410000000E2	2.220000000E2	2.775000000E2
8.066666667E0	2.420000000E2	2.230000000E2	2.797500000E2
8.100000000E0	2.430000000E2	2.240000000E2	2.790000000E2
8.133333333E0	2.440000000E2	2.250000000E2	2.780000000E2
8.166666667E0	2.450000000E2	2.257500000E2	2.780000000E2
8.200000000E0	2.460000000E2	2.257500000E2	2.780000000E2
8.233333333E0	2.470000000E2	2.267500000E2	2.762500000E2
8.266666667E0	2.480000000E2	2.260000000E2	2.765000000E2
8.300000000E0	2.490000000E2	2.252500000E2	2.767500000E2
8.333333333E0	2.500000000E2	2.252500000E2	2.767500000E2
8.366666667E0	2.510000000E2	2.255000000E2	2.780000000E2
8.400000000E0	2.520000000E2	2.255000000E2	2.780000000E2
8.433333333E0	2.530000000E2	2.245000000E2	2.772500000E2
8.466666667E0	2.540000000E2	2.245000000E2	2.772500000E2
8.500000000E0	2.550000000E2	2.245000000E2	2.772500000E2
8.533333333E0	2.560000000E2	2.257500000E2	2.772500000E2
8.566666667E0	2.570000000E2	2.282500000E2	2.780000000E2
8.600000000E0	2.580000000E2	2.282500000E2	2.780000000E2
8.633333333E0	2.590000000E2	2.305000000E2	2.767500000E2
8.666666667E0	2.600000000E2	2.305000000E2	2.767500000E2
8.700000000E0	2.610000000E2	2.305000000E2	2.767500000E2
8.733333333E0	2.620000000E2	2.305000000E2	2.767500000E2
8.766666667E0	2.630000000E2	2.305000000E2	2.767500000E2
8.800000000E0	2.640000000E2	2.325000000E2	2.765000000E2
8.833333333E0	2.650000000E2	2.325000000E2	2.765000000E2
8.866666667E0	2.660000000E2	2.342500000E2	2.765000000E2
8.900000000E0	2.670000000E2	2.365000000E2	2.740000000E2
8.933333333E0	2.680000000E2	2.377500000E2	2.740000000E2
8.966666667E0	2.690000000E2	2.390000000E2	2.752500000E2
9.000000000E0	2.700000000E2	2.400000000E2	2.742500000E2
9.033333333E0	2.710000000E2	2.410000000E2	2.732500000E2
9.066666667E0	2.720000000E2	2.422500000E2	2.730000000E2
9.100000000E0	2.730000000E2	2.422500000E2	2.737500000E2
9.133333333E0	2.740000000E2	2.422500000E2	2.722500000E2
9.166666667E0	2.750000000E2	2.432500000E2	2.717500000E2
9.200000000E0	2.760000000E2	2.432500000E2	2.717500000E2
9.233333333E0	2.770000000E2	2.432500000E2	2.717500000E2
9.266666667E0	2.780000000E2	2.442500000E2	2.722500000E2
9.300000000E0	2.790000000E2	2.442500000E2	2.722500000E2
9.333333333E0	2.800000000E2	2.442500000E2	2.722500000E2
9.366666667E0	2.810000000E2	2.442500000E2	2.722500000E2
9.400000000E0	2.820000000E2	2.442500000E2	2.722500000E2
9.433333333E0	2.830000000E2	2.442500000E2	2.725000000E2
9.466666667E0	2.840000000E2	2.440000000E2	2.712500000E2
9.500000000E0	2.850000000E2	2.440000000E2	2.712500000E2
9.533333333E0	2.860000000E2	2.440000000E2	2.712500000E2
9.566666667E0	2.870000000E2	2.440000000E2	2.717500000E2
9.600000000E0	2.880000000E2	2.440000000E2	2.730000000E2
9.633333333E0	2.890000000E2	2.440000000E2	2.730000000E2
9.666666667E0	2.900000000E2	2.450000000E2	2.740000000E2
9.700000000E0	2.910000000E2	2.450000000E2	2.740000000E2
9.733333333E0	2.920000000E2	2.437500000E2	2.737500000E2
9.766666667E0	2.930000000E2	2.437500000E2	2.737500000E2
9.800000000E0	2.940000000E2	2.450000000E2	2.732500000E2
9.833333333E0	2.950000000E2	2.447500000E2	2.740000000E2
9.866666667E0	2.960000000E2	2.447500000E2	2.740000000E2
9.900000000E0	2.970000000E2	2.447500000E2	2.740000000E2
9.933333333E0	2.980000000E2	2.447500000E2	2.740000000E2
9.966666667E0	2.990000000E2	2.445000000E2	2.740000000E2
1.000000000E1	3.000000000E2	2.445000000E2	2.742500000E2
1.003333333E1	3.010000000E2	2.447500000E2	2.740000000E2
1.006666667E1	3.020000000E2	2.427500000E2	2.732500000E2
1.010000000E1	3.030000000E2	2.427500000E2	2.732500000E2
1.013333333E1	3.040000000E2	2.427500000E2	2.732500000E2
1.016666667E1	3.050000000E2	2.422500000E2	2.725000000E2
1.020000000E1	3.060000000E2	2.412500000E2	2.725000000E2
1.023333333E1	3.070000000E2	2.412500000E2	2.725000000E2
1.026666667E1	3.080000000E2	2.412500000E2	2.725000000E2
1.030000000E1	3.090000000E2	2.412500000E2	2.725000000E2
1.033333333E1	3.100000000E2	2.412500000E2	2.712500000E2
1.036666667E1	3.110000000E2	2.412500000E2	2.712500000E2
1.040000000E1	3.120000000E2	2.412500000E2	2.712500000E2
1.043333333E1	3.130000000E2	2.412500000E2	2.712500000E2
1.046666667E1	3.140000000E2	2.412500000E2	2.712500000E2
1.050000000E1	3.150000000E2	2.412500000E2	2.710000000E2
1.053333333E1	3.160000000E2	2.412500000E2	2.710000000E2
1.056666667E1	3.170000000E2	2.412500000E2	2.692500000E2
1.060000000E1	3.180000000E2	2.412500000E2	2.692500000E2
1.063333333E1	3.190000000E2	2.412500000E2	2.692500000E2
1.066666667E1	3.200000000E2	2.422500000E2	2.680000000E2
1.070000000E1	3.210000000E2	2.440000000E2	2.667500000E2
1.073333333E1	3.220000000E2	2.460000000E2	2.647500000E2
1.076666667E1	3.230000000E2	2.467500000E2	2.625000000E2
1.080000000E1	3.240000000E2	2.467500000E2	2.625000000E2
1.083333333E1	3.250000000E2	2.472500000E2	2.625000000E2
1.086666667E1	3.260000000E2	2.470000000E2	2.580000000E2
1.090000000E1	3.270000000E2	2.470000000E2	2.587500000E2
1.093333333E1	3.280000000E2	2.470000000E2	2.567500000E2
1.096666667E1	3.290000000E2	2.455000000E2	2.547500000E2
1.100000000E1	3.300000000E2	2.452500000E2	2.575000000E2
1.103333333E1	3.310000000E2	2.452500000E2	2.585000000E2
1.106666667E1	3.320000000E2	2.452500000E2	2.587500000E2
1.110000000E1	3.330000000E2	2.440000000E2	2.595000000E2
1.113333333E1	3.340000000E2	2.437500000E2	2.612500000E2
1.116666667E1	3.350000000E2	2.427500000E2	2.615000000E2
1.120000000E1	3.360000000E2	2.427500000E2	2.635000000E2
1.123333333E1	3.370000000E2	2.427500000E2	2.635000000E2
1.126666667E1	3.380000000E2	2.427500000E2	2.655000000E2
1.130000000E1	3.390000000E2	2.420000000E2	2.650000000E2
1.133333333E1	3.400000000E2	2.417500000E2	2.662500000E2
1.136666667E1	3.410000000E2	2.400000000E2	2.662500000E2
1.140000000E1	3.420000000E2	2.390000000E2	2.675000000E2
1.143333333E1	3.430000000E2	2.377500000E2	2.705000000E2
1.146666667E1	3.440000000E2	2.370000000E2	2.717500000E2
1.150000000E1	3.450000000E2	2.347500000E2	2.727500000E2
1.153333333E1	3.460000000E2	2.347500000E2	2.732500000E2
1.156666667E1	3.470000000E2	2.347500000E2	2.732500000E2
1.160000000E1	3.480000000E2	2.347500000E2	2.732500000E2
1.163333333E1	3.490000000E2	2.332500000E2	2.737500000E2
1.166666667E1	3.500000000E2	2.330000000E2	2.740000000E2
1.170000000E1	3.510000000E2	2.330000000E2	2.740000000E2
1.173333333E1	3.520000000E2	2.330000000E2	2.740000000E2
1.176666667E1	3.530000000E2	2.330000000E2	2.740000000E2
1.180000000E1	3.540000000E2	2.330000000E2	2.740000000E2
1.183333333E1	3.550000000E2	2.315000000E2	2.757500000E2
1.186666667E1	3.560000000E2	2.315000000E2	2.757500000E2
1.190000000E1	3.570000000E2	2.297500000E2	2.745000000E2
1.193333333E1	3.580000000E2	2.297500000E2	2.745000000E2
1.196666667E1	3.590000000E2	2.297500000E2	2.745000000E2
1.200000000E1	3.600000000E2	2.290000000E2	2.737500000E2
1.203333333E1	3.610000000E2	2.285000000E2	2.742500000E2
1.206666667E1	3.620000000E2	2.290000000E2	2.760000000E2
1.210000000E1	3.630000000E2	2.290000000E2	2.760000000E2
1.213333333E1	3.640000000E2	2.302500000E2	2.760000000E2
1.216666667E1	3.650000000E2	2.307500000E2	2.757500000E2
1.220000000E1	3.660000000E2	2.307500000E2	2.757500000E2
1.223333333E1	3.670000000E2	2.307500000E2	2.757500000E2
1.226666667E1	3.680000000E2	2.320000000E2	2.750000000E2
1.230000000E1	3.690000000E2	2.320000000E2	2.745000000E2
1.233333333E1	3.700000000E2	2.320000000E2	2.745000000E2
1.236666667E1	3.710000000E2	2.320000000E2	2.745000000E2
1.240000000E1	3.720000000E2	2.330000000E2	2.745000000E2
1.243333333E1	3.730000000E2	2.340000000E2	2.750000000E2
1.246666667E1	3.740000000E2	2.347500000E2	2.732500000E2
1.250000000E1	3.750000000E2	2.347500000E2	2.740000000E2
1.253333333E1	3.760000000E2	2.347500000E2	2.740000000E2
1.256666667E1	3.770000000E2	2.347500000E2	2.740000000E2
1.260000000E1	3.780000000E2	2.347500000E2	2.740000000E2
1.263333333E1	3.790000000E2	2.340000000E2	2.740000000E2
1.266666667E1	3.800000000E2	2.340000000E2	2.740000000E2
1.270000000E1	3.810000000E2	2.340000000E2	2.740000000E2
1.273333333E1	3.820000000E2	2.340000000E2	2.740000000E2
1.276666667E1	3.830000000E2	2.340000000E2	2.740000000E2
1.280000000E1	3.840000000E2	2.340000000E2	2.740000000E2
1.283333333E1	3.850000000E2	2.340000000E2	2.740000000E2
1.286666667E1	3.860000000E2	2.340000000E2	2.732500000E2
1.290000000E1	3.870000000E2	2.340000000E2	2.732500000E2
1.293333333E1	3.880000000E2	2.340000000E2	2.732500000E2
1.296666667E1	3.890000000E2	2.340000000E2	2.732500000E2
1.300000000E1	3.900000000E2	2.340000000E2	2.732500000E2
1.303333333E1	3.910000000E2	2.340000000E2	2.732500000E2
1.306666667E1	3.920000000E2	2.340000000E2	2.732500000E2
1.310000000E1	3.930000000E2	2.340000000E2	2.732500000E2
1.313333333E1	3.940000000E2	2.340000000E2	2.732500000E2
1.316666667E1	3.950000000E2	2.340000000E2	2.732500000E2
1.320000000E1	3.960000000E2	2.340000000E2	2.732500000E2
1.323333333E1	3.970000000E2	2.347500000E2	2.737500000E2
1.326666667E1	3.980000000E2	2.370000000E2	2.737500000E2
1.330000000E1	3.990000000E2	2.382500000E2	2.740000000E2
1.333333333E1	4.000000000E2	2.392500000E2	2.742500000E2
1.336666667E1	4.010000000E2	2.392500000E2	2.742500000E2
1.340000000E1	4.020000000E2	2.390000000E2	2.742500000E2
1.343333333E1	4.030000000E2	2.387500000E2	2.742500000E2
1.346666667E1	4.040000000E2	2.372500000E2	2.740000000E2
1.350000000E1	4.050000000E2	2.372500000E2	2.740000000E2
1.353333333E1	4.060000000E2	2.372500000E2	2.740000000E2
1.356666667E1	4.070000000E2	2.372500000E2	2.740000000E2
1.360000000E1	4.080000000E2	2.370000000E2	2.747500000E2
1.363333333E1	4.090000000E2	2.362500000E2	2.730000000E2
1.366666667E1	4.100000000E2	2.360000000E2	2.750000000E2
1.370000000E1	4.110000000E2	2.362500000E2	2.730000000E2
1.373333333E1	4.120000000E2	2.362500000E2	2.730000000E2
1.376666667E1	4.130000000E2	2.362500000E2	2.730000000E2
1.380000000E1	4.140000000E2	2.362500000E2	2.730000000E2
1.383333333E1	4.150000000E2	2.355000000E2	2.730000000E2
1.386666667E1	4.160000000E2	2.355000000E2	2.730000000E2
1.390000000E1	4.170000000E2	2.345000000E2	2.730000000E2
1.393333333E1	4.180000000E2	2.342500000E2	2.730000000E2
1.396666667E1	4.190000000E2	2.335000000E2	2.735000000E2
1.400000000E1	4.200000000E2	2.332500000E2	2.727500000E2
1.403333333E1	4.210000000E2	2.322500000E2	2.730000000E2
1.406666667E1	4.220000000E2	2.327500000E2	2.735000000E2
1.410000000E1	4.230000000E2	2.327500000E2	2.735000000E2
1.413333333E1	4.240000000E2	2.327500000E2	2.737500000E2
1.416666667E1	4.250000000E2	2.327500000E2	2.737500000E2
1.420000000E1	4.260000000E2	2.327500000E2	2.737500000E2
1.423333333E1	4.270000000E2	2.327500000E2	2.737500000E2
1.426666667E1	4.280000000E2	2.327500000E2	2.737500000E2
1.430000000E1	4.290000000E2	2.327500000E2	2.737500000E2
1.433333333E1	4.300000000E2	2.327500000E2	2.737500000E2
1.436666667E1	4.310000000E2	2.327500000E2	2.737500000E2
1.440000000E1	4.320000000E2	2.327500000E2	2.737500000E2
1.443333333E1	4.330000000E2	2.327500000E2	2.737500000E2
1.446666667E1	4.340000000E2	2.327500000E2	2.737500000E2
1.450000000E1	4.350000000E2	2.327500000E2	2.730000000E2
1.453333333E1	4.360000000E2	2.327500000E2	2.730000000E2
1.456666667E1	4.370000000E2	2.327500000E2	2.730000000E2
1.460000000E1	4.380000000E2	2.327500000E2	2.730000000E2
1.463333333E1	4.390000000E2	2.327500000E2	2.730000000E2
1.466666667E1	4.400000000E2	2.327500000E2	2.730000000E2
1.470000000E1	4.410000000E2	2.327500000E2	2.730000000E2
1.473333333E1	4.420000000E2	2.345000000E2	2.722500000E2
1.476666667E1	4.430000000E2	2.352500000E2	2.720000000E2
1.480000000E1	4.440000000E2	2.355000000E2	2.717500000E2
1.483333333E1	4.450000000E2	2.355000000E2	2.717500000E2
1.486666667E1	4.460000000E2	2.355000000E2	2.717500000E2
1.490000000E1	4.470000000E2	2.352500000E2	2.717500000E2
1.493333333E1	4.480000000E2	2.342500000E2	2.722500000E2
1.496666667E1	4.490000000E2	2.340000000E2	2.722500000E2
1.500000000E1	4.500000000E2	2.330000000E2	2.717500000E2
1.503333333E1	4.510000000E2	2.317500000E2	2.715000000E2
1.506666667E1	4.520000000E2	2.317500000E2	2.715000000E2
1.510000000E1	4.530000000E2	2.315000000E2	2.722500000E2
1.513333333E1	4.540000000E2	2.312500000E2	2.715000000E2
1.516666667E1	4.550000000E2	2.315000000E2	2.712500000E2
1.520000000E1	4.560000000E2	2.317500000E2	2.712500000E2
1.523333333E1	4.570000000E2	2.317500000E2	2.712500000E2
1.526666667E1	4.580000000E2	2.317500000E2	2.712500000E2
1.530000000E1	4.590000000E2	2.317500000E2	2.712500000E2
1.533333333E1	4.600000000E2	2.317500000E2	2.712500000E2
1.536666667E1	4.610000000E2	2.317500000E2	2.712500000E2
1.540000000E1	4.620000000E2	2.317500000E2	2.712500000E2
1.543333333E1	4.630000000E2	2.317500000E2	2.712500000E2
1.546666667E1	4.640000000E2	2.315000000E2	2.717500000E2
1.550000000E1	4.650000000E2	2.310000000E2	2.717500000E2
1.553333333E1	4.660000000E2	2.332500000E2	2.705000000E2
1.556666667E1	4.670000000E2	2.347500000E2	2.712500000E2
1.560000000E1	4.680000000E2	2.360000000E2	2.712500000E2
1.563333333E1	4.690000000E2	2.367500000E2	2.710000000E2
1.566666667E1	4.700000000E2	2.377500000E2	2.695000000E2
1.570000000E1	4.710000000E2	2.377500000E2	2.695000000E2
1.573333333E1	4.720000000E2	2.377500000E2	2.702500000E2
1.576666667E1	4.730000000E2	2.385000000E2	2.700000000E2
1.580000000E1	4.740000000E2	2.390000000E2	2.692500000E2
1.583333333E1	4.750000000E2	2.397500000E2	2.692500000E2
1.586666667E1	4.760000000E2	2.410000000E2	2.690000000E2
1.590000000E1	4.770000000E2	2.410000000E2	2.690000000E2
1.593333333E1	4.780000000E2	2.422500000E2	2.690000000E2
1.596666667E1	4.790000000E2	2.435000000E2	2.697500000E2
1.600000000E1	4.800000000E2	2.432500000E2	2.687500000E2
1.603333333E1	4.810000000E2	2.442500000E2	2.690000000E2
1.606666667E1	4.820000000E2	2.427500000E2	2.697500000E2
1.610000000E1	4.830000000E2	2.427500000E2	2.697500000E2
1.613333333E1	4.840000000E2	2.420000000E2	2.707500000E2
1.616666667E1	4.850000000E2	2.420000000E2	2.707500000E2
1.620000000E1	4.860000000E2	2.420000000E2	2.705000000E2
1.623333333E1	4.870000000E2	2.420000000E2	2.705000000E2
1.626666667E1	4.880000000E2	2.420000000E2	2.705000000E2
1.630000000E1	4.890000000E2	2.420000000E2	2.705000000E2
1.633333333E1	4.900000000E2	2.420000000E2	2.705000000E2
1.636666667E1	4.910000000E2	2.420000000E2	2.705000000E2
1.640000000E1	4.920000000E2	2.420000000E2	2.705000000E2
1.643333333E1	4.930000000E2	2.420000000E2	2.705000000E2
1.646666667E1	4.940000000E2	2.420000000E2	2.705000000E2
1.650000000E1	4.950000000E2	2.420000000E2	2.705000000E2
1.653333333E1	4.960000000E2	2.420000000E2	2.692500000E2
1.656666667E1	4.970000000E2	2.420000000E2	2.692500000E2
1.660000000E1	4.980000000E2	2.422500000E2	2.692500000E2
1.663333333E1	4.990000000E2	2.410000000E2	2.705000000E2
1.666666667E1	5.000000000E2	2.415000000E2	2.700000000E2
1.670000000E1	5.010000000E2	2.415000000E2	2.700000000E2
1.673333333E1	5.020000000E2	2.415000000E2	2.700000000E2
1.676666667E1	5.030000000E2	2.415000000E2	2.700000000E2
1.680000000E1	5.040000000E2	2.412500000E2	2.685000000E2
1.683333333E1	5.050000000E2	2.412500000E2	2.687500000E2
1.686666667E1	5.060000000E2	2.407500000E2	2.705000000E2
1.690000000E1	5.070000000E2	2.407500000E2	2.705000000E2
1.693333333E1	5.080000000E2	2.407500000E2	2.712500000E2
1.696666667E1	5.090000000E2	2.420000000E2	2.712500000E2
1.700000000E1	5.100000000E2	2.430000000E2	2.710000000E2
1.703333333E1	5.110000000E2	2.430000000E2	2.707500000E2
1.706666667E1	5.120000000E2	2.430000000E2	2.707500000E2
1.710000000E1	5.130000000E2	2.430000000E2	2.707500000E2
1.713333333E1	5.140000000E2	2.425000000E2	2.695000000E2
1.716666667E1	5.150000000E2	2.425000000E2	2.695000000E2
1.720000000E1	5.160000000E2	2.425000000E2	2.695000000E2
1.723333333E1	5.170000000E2	2.427500000E2	2.700000000E2
1.726666667E1	5.180000000E2	2.427500000E2	2.700000000E2
1.730000000E1	5.190000000E2	2.427500000E2	2.700000000E2
1.733333333E1	5.200000000E2	2.432500000E2	2.700000000E2
1.736666667E1	5.210000000E2	2.440000000E2	2.692500000E2
1.740000000E1	5.220000000E2	2.430000000E2	2.702500000E2
1.743333333E1	5.230000000E2	2.430000000E2	2.702500000E2
1.746666667E1	5.240000000E2	2.430000000E2	2.702500000E2
1.750000000E1	5.250000000E2	2.430000000E2	2.702500000E2
1.753333333E1	5.260000000E2	2.430000000E2	2.702500000E2
1.756666667E1	5.270000000E2	2.422500000E2	2.705000000E2
1.760000000E1	5.280000000E2	2.407500000E2	2.707500000E2
1.763333333E1	5.290000000E2	2.407500000E2	2.707500000E2
1.766666667E1	5.300000000E2	2.407500000E2	2.710000000E2
1.770000000E1	5.310000000E2	2.407500000E2	2.710000000E2
1.773333333E1	5.320000000E2	2.407500000E2	2.710000000E2
1.776666667E1	5.330000000E2	2.407500000E2	2.707500000E2
1.780000000E1	5.340000000E2	2.407500000E2	2.710000000E2
1.783333333E1	5.350000000E2	2.407500000E2	2.710000000E2
