t	frame	pixel_{x}	pixel_{y}
0.000000000E0	0.000000000E0	2.714385965E2	2.099649123E2
3.333333333E-2	1.000000000E0	2.714762006E2	2.098739343E2
6.666666667E-2	2.000000000E0	2.713730826E2	2.099154712E2
1.000000000E-1	3.000000000E0	2.715637859E2	2.099328961E2
1.333333333E-1	4.000000000E0	2.715581858E2	2.099394564E2
1.666666667E-1	5.000000000E0	2.715558101E2	2.099424004E2
2.000000000E-1	6.000000000E0	2.714116593E2	2.099230890E2
2.333333333E-1	7.000000000E0	2.715577695E2	2.098931925E2
2.666666667E-1	8.000000000E0	2.717011968E2	2.098915209E2
3.000000000E-1	9.000000000E0	2.715094781E2	2.099305451E2
3.333333333E-1	1.000000000E1	2.714272044E2	2.099510389E2
3.666666667E-1	1.100000000E1	2.716835831E2	2.099266534E2
4.000000000E-1	1.200000000E1	2.715549015E2	2.099248507E2
4.333333333E-1	1.300000000E1	2.715335176E2	2.099114532E2
4.666666667E-1	1.400000000E1	2.716344839E2	2.098809650E2
5.000000000E-1	1.500000000E1	2.716055603E2	2.098995617E2
5.333333333E-1	1.600000000E1	2.715299118E2	2.099029921E2
5.666666667E-1	1.700000000E1	2.715633338E2	2.099154021E2
6.000000000E-1	1.800000000E1	2.719846788E2	2.098965340E2
6.333333333E-1	1.900000000E1	2.715365831E2	2.098691824E2
6.666666667E-1	2.000000000E1	2.717824891E2	2.098596041E2
7.000000000E-1	2.100000000E1	2.718867964E2	2.098611026E2
7.333333333E-1	2.200000000E1	2.716822318E2	2.098746787E2
7.666666667E-1	2.300000000E1	2.715769768E2	2.098736522E2
8.000000000E-1	2.400000000E1	2.719090686E2	2.098729576E2
8.333333333E-1	2.500000000E1	2.715786425E2	2.098855401E2
8.666666667E-1	2.600000000E1	2.717176807E2	2.098911008E2
9.000000000E-1	2.700000000E1	2.716657519E2	2.098838259E2
9.333333333E-1	2.800000000E1	2.715907085E2	2.098555413E2
9.666666667E-1	2.900000000E1	2.714818941E2	2.098981575E2
1.000000000E0	3.000000000E1	2.714763422E2	2.098839816E2
1.033333333E0	3.100000000E1	2.715740394E2	2.098975314E2
1.066666667E0	3.200000000E1	2.715251706E2	2.099119488E2
1.100000000E0	3.300000000E1	2.716856125E2	2.098974674E2
1.133333333E0	3.400000000E1	2.714577324E2	2.098935478E2
1.166666667E0	3.500000000E1	2.714074139E2	2.099299496E2
1.200000000E0	3.600000000E1	2.716541145E2	2.099522085E2
1.233333333E0	3.700000000E1	2.713180576E2	2.099573062E2
1.266666667E0	3.800000000E1	2.712957617E2	2.099772787E2
1.300000000E0	3.900000000E1	2.716902145E2	2.100306467E2
1.333333333E0	4.000000000E1	2.715508203E2	2.100320257E2
1.366666667E0	4.100000000E1	2.713825384E2	2.099777980E2
1.400000000E0	4.200000000E1	2.715869359E2	2.100480176E2
1.433333333E0	4.300000000E1	2.711899402E2	2.100565279E2
1.466666667E0	4.400000000E1	2.715004576E2	2.100307345E2
1.500000000E0	4.500000000E1	2.714343894E2	2.099898005E2
1.533333333E0	4.600000000E1	2.713340893E2	2.100135335E2
1.566666667E0	4.700000000E1	2.710057467E2	2.100610812E2
1.600000000E0	4.800000000E1	2.708548891E2	2.099872790E2
1.633333333E0	4.900000000E1	2.709794006E2	2.099679364E2
1.666666667E0	5.000000000E1	2.712969561E2	2.099610340E2
1.700000000E0	5.100000000E1	2.707094482E2	2.099159475E2
1.733333333E0	5.200000000E1	2.709481329E2	2.100011341E2
1.766666667E0	5.300000000E1	2.708411818E2	2.099498737E2
1.800000000E0	5.400000000E1	2.707485213E2	2.099223218E2
1.833333333E0	5.500000000E1	2.702928295E2	2.099558971E2
1.866666667E0	5.600000000E1	2.703218670E2	2.098536815E2
1.900000000E0	5.700000000E1	2.702753863E2	2.098713487E2
1.933333333E0	5.800000000E1	2.703073797E2	2.098802070E2
1.966666667E0	5.900000000E1	2.701391371E2	2.098566079E2
2.000000000E0	6.000000000E1	2.704956472E2	2.099269414E2
2.033333333E0	6.100000000E1	2.703046137E2	2.098337411E2
2.066666667E0	6.200000000E1	2.701268744E2	2.099100013E2
2.100000000E0	6.300000000E1	2.702624672E2	2.098645697E2
2.133333333E0	6.400000000E1	2.701831715E2	2.099182215E2
2.166666667E0	6.500000000E1	2.703673833E2	2.098825795E2
2.200000000E0	6.600000000E1	2.704349163E2	2.099095949E2
2.233333333E0	6.700000000E1	2.703350606E2	2.099225102E2
2.266666667E0	6.800000000E1	2.704808487E2	2.099521869E2
2.300000000E0	6.900000000E1	2.703766506E2	2.099317260E2
2.333333333E0	7.000000000E1	2.704200707E2	2.099842500E2
2.366666667E0	7.100000000E1	2.702529343E2	2.099635694E2
2.400000000E0	7.200000000E1	2.703433447E2	2.099959922E2
2.433333333E0	7.300000000E1	2.697369925E2	2.100119542E2
2.466666667E0	7.400000000E1	2.686697765E2	2.100554518E2
2.500000000E0	7.500000000E1	2.676746908E2	2.100991581E2
2.533333333E0	7.600000000E1	2.652959857E2	2.100804477E2
2.566666667E0	7.700000000E1	2.653786394E2	2.100352168E2
2.600000000E0	7.800000000E1	2.627186250E2	2.102161646E2
2.633333333E0	7.900000000E1	2.612580723E2	2.100891614E2
2.666666667E0	8.000000000E1	2.608359007E2	2.099263668E2
2.700000000E0	8.100000000E1	2.581372330E2	2.091582626E2
2.733333333E0	8.200000000E1	2.570609699E2	2.089586821E2
2.766666667E0	8.300000000E1	2.568013215E2	2.088853139E2
2.800000000E0	8.400000000E1	2.576730643E2	2.087414848E2
2.833333333E0	8.500000000E1	2.543730980E2	2.083003213E2
2.866666667E0	8.600000000E1	2.536478129E2	2.079902442E2
2.900000000E0	8.700000000E1	2.525441460E2	2.079923476E2
2.933333333E0	8.800000000E1	2.525743346E2	2.080670888E2
2.966666667E0	8.900000000E1	2.521275729E2	2.080234423E2
3.000000000E0	9.000000000E1	2.517655135E2	2.079687873E2
3.033333333E0	9.100000000E1	2.509457640E2	2.078910526E2
3.066666667E0	9.200000000E1	2.511335472E2	2.077432068E2
3.100000000E0	9.300000000E1	2.519472034E2	2.072684565E2
3.133333333E0	9.400000000E1	2.513347090E2	2.078228141E2
3.166666667E0	9.500000000E1	2.515210847E2	2.079312509E2
3.200000000E0	9.600000000E1	2.508995876E2	2.080314776E2
3.233333333E0	9.700000000E1	2.520263837E2	2.080966338E2
3.266666667E0	9.800000000E1	2.522770169E2	2.080430624E2
3.300000000E0	9.900000000E1	2.528228218E2	2.079790344E2
3.333333333E0	1.000000000E2	2.531032426E2	2.079125154E2
3.366666667E0	1.010000000E2	2.545308064E2	2.078869295E2
3.400000000E0	1.020000000E2	2.546832153E2	2.079465538E2
3.433333333E0	1.030000000E2	2.560496188E2	2.079823768E2
3.466666667E0	1.040000000E2	2.589993771E2	2.082058026E2
3.500000000E0	1.050000000E2	2.584250454E2	2.088709083E2
3.533333333E0	1.060000000E2	2.600416544E2	2.090397300E2
3.566666667E0	1.070000000E2	2.597500000E2	2.505000000E2
3.600000000E0	1.080000000E2	2.633543165E2	2.098556986E2
3.633333333E0	1.090000000E2	2.643079625E2	2.100012659E2
3.666666667E0	1.100000000E2	2.651041630E2	2.100148587E2
3.700000000E0	1.110000000E2	2.662922972E2	2.099615288E2
3.733333333E0	1.120000000E2	2.675406472E2	2.099618039E2
3.766666667E0	1.130000000E2	2.678039700E2	2.099892272E2
3.800000000E0	1.140000000E2	2.681966236E2	2.099537030E2
3.833333333E0	1.150000000E2	2.695259128E2	2.099138172E2
3.866666667E0	1.160000000E2	2.706067635E2	2.098194916E2
3.900000000E0	1.170000000E2	2.701900359E2	2.097875905E2
3.933333333E0	1.180000000E2	2.706801262E2	2.096710667E2
3.966666667E0	1.190000000E2	2.708102690E2	2.097244483E2
4.000000000E0	1.200000000E2	2.709964418E2	2.098492550E2
4.033333333E0	1.210000000E2	2.715395350E2	2.097480715E2
4.066666667E0	1.220000000E2	2.718200060E2	2.096282867E2
4.100000000E0	1.230000000E2	2.722236289E2	2.096599520E2
4.133333333E0	1.240000000E2	2.724562654E2	2.097206870E2
4.166666667E0	1.250000000E2	2.725819489E2	2.098289809E2
4.200000000E0	1.260000000E2	2.726861064E2	2.098258488E2
4.233333333E0	1.270000000E2	2.727278595E2	2.097861216E2
4.266666667E0	1.280000000E2	2.727379736E2	2.098454323E2
4.300000000E0	1.290000000E2	2.724329661E2	2.098710900E2
4.333333333E0	1.300000000E2	2.731276718E2	2.098663346E2
4.366666667E0	1.310000000E2	2.734993317E2	2.098523760E2
4.400000000E0	1.320000000E2	2.732201705E2	2.098613451E2
4.433333333E0	1.330000000E2	2.732994894E2	2.098908986E2
4.466666667E0	1.340000000E2	2.727054555E2	2.099030353E2
4.500000000E0	1.350000000E2	2.724691995E2	2.099486931E2
4.533333333E0	1.360000000E2	2.724942141E2	2.099096138E2
4.566666667E0	1.370000000E2	2.724791846E2	2.099365646E2
4.600000000E0	1.380000000E2	2.726160339E2	2.099453365E2
4.633333333E0	1.390000000E2	2.725884383E2	2.099517547E2
4.666666667E0	1.400000000E2	2.725213925E2	2.099775187E2
4.700000000E0	1.410000000E2	2.726511551E2	2.099837265E2
4.733333333E0	1.420000000E2	2.734079656E2	2.100807641E2
4.766666667E0	1.430000000E2	2.741544624E2	2.103590965E2
4.800000000E0	1.440000000E2	2.735591543E2	2.105203554E2
4.833333333E0	1.450000000E2	2.746362370E2	2.108084782E2
4.866666667E0	1.460000000E2	2.757851968E2	2.109725362E2
4.900000000E0	1.470000000E2	2.774135632E2	2.111898656E2
4.933333333E0	1.480000000E2	2.788464817E2	2.111399685E2
4.966666667E0	1.490000000E2	2.794220906E2	2.109887011E2
5.000000000E0	1.500000000E2	2.819953068E2	2.108942231E2
5.033333333E0	1.510000000E2	2.826934827E2	2.107994801E2
5.066666667E0	1.520000000E2	2.716386548E2	2.489638010E2
5.100000000E0	1.530000000E2	2.722500000E2	2.490000000E2
5.133333333E0	1.540000000E2	2.870364746E2	2.099943261E2
5.166666667E0	1.550000000E2	2.879495947E2	2.091497200E2
5.200000000E0	1.560000000E2	2.914728675E2	2.085138599E2
5.233333333E0	1.570000000E2	2.888893876E2	2.069763106E2
5.266666667E0	1.580000000E2	2.889325678E2	2.059164705E2
5.300000000E0	1.590000000E2	2.870896770E2	2.050549652E2
5.333333333E0	1.600000000E2	2.889221982E2	2.049227083E2
5.366666667E0	1.610000000E2	2.895446791E2	2.049193268E2
5.400000000E0	1.620000000E2	2.900639109E2	2.048955128E2
5.433333333E0	1.630000000E2	2.892944073E2	2.048950214E2
5.466666667E0	1.640000000E2	2.885314890E2	2.049486686E2
5.500000000E0	1.650000000E2	2.882489947E2	2.050114173E2
5.533333333E0	1.660000000E2	2.907858985E2	2.058266417E2
5.566666667E0	1.670000000E2	2.900296167E2	2.058878427E2
5.600000000E0	1.680000000E2	2.888469781E2	2.059680506E2
5.633333333E0	1.690000000E2	2.882041763E2	2.074802784E2
5.666666667E0	1.700000000E2	2.876473318E2	2.077030162E2
5.700000000E0	1.710000000E2	2.865336427E2	2.085939675E2
5.733333333E0	1.720000000E2	2.849744780E2	2.085939675E2
5.766666667E0	1.730000000E2	2.843062645E2	2.090394432E2
5.800000000E0	1.740000000E2	2.829698376E2	2.095962877E2
5.833333333E0	1.750000000E2	2.823016241E2	2.094849188E2
5.866666667E0	1.760000000E2	2.805197216E2	2.100417633E2
5.900000000E0	1.770000000E2	2.806310905E2	2.103758701E2
5.933333333E0	1.780000000E2	2.782263566E2	2.097364341E2
5.966666667E0	1.790000000E2	2.764403101E2	2.107286822E2
6.000000000E0	1.800000000E2	2.730666667E2	2.109271318E2
6.033333333E0	1.810000000E2	2.718759690E2	2.111255814E2
6.066666667E0	1.820000000E2	2.706852713E2	2.129116279E2
6.100000000E0	1.830000000E2	2.696930233E2	2.123162791E2
6.133333333E0	1.840000000E2	2.679069767E2	2.119193798E2
6.166666667E0	1.850000000E2	2.679069767E2	2.119193798E2
6.200000000E0	1.860000000E2	2.677085271E2	2.115224806E2
6.233333333E0	1.870000000E2	2.667162791E2	2.115224806E2
6.266666667E0	1.880000000E2	2.667162791E2	2.115224806E2
6.300000000E0	1.890000000E2	2.667162791E2	2.115224806E2
6.333333333E0	1.900000000E2	2.655255814E2	2.113240310E2
6.366666667E0	1.910000000E2	2.637395349E2	2.109271318E2
6.400000000E0	1.920000000E2	2.633426357E2	2.109271318E2
6.433333333E0	1.930000000E2	2.619534884E2	2.109271318E2
6.466666667E0	1.940000000E2	2.619534884E2	2.109271318E2
6.500000000E0	1.950000000E2	2.623503876E2	2.107286822E2
6.533333333E0	1.960000000E2	2.625488372E2	2.105302326E2
6.566666667E0	1.970000000E2	2.625488372E2	2.105302326E2
6.600000000E0	1.980000000E2	2.629457364E2	2.107286822E2
6.633333333E0	1.990000000E2	2.629457364E2	2.107286822E2
6.666666667E0	2.000000000E2	2.629457364E2	2.107286822E2
6.700000000E0	2.010000000E2	2.629457364E2	2.107286822E2
6.733333333E0	2.020000000E2	2.623503876E2	2.111255814E2
6.766666667E0	2.030000000E2	2.625488372E2	2.111255814E2
6.800000000E0	2.040000000E2	2.623503876E2	2.113240310E2
6.833333333E0	2.050000000E2	2.619534884E2	2.113240310E2
6.866666667E0	2.060000000E2	2.609612403E2	2.113240310E2
6.900000000E0	2.070000000E2	2.609612403E2	2.113240310E2
6.933333333E0	2.080000000E2	2.601674419E2	2.113240310E2
6.966666667E0	2.090000000E2	2.601674419E2	2.113240310E2
7.000000000E0	2.100000000E2	2.599689922E2	2.113240310E2
7.033333333E0	2.110000000E2	2.627472868E2	2.113240310E2
7.066666667E0	2.120000000E2	2.627472868E2	2.113240310E2
7.100000000E0	2.130000000E2	2.627472868E2	2.113240310E2
7.133333333E0	2.140000000E2	2.627472868E2	2.113240310E2
7.166666667E0	2.150000000E2	2.627472868E2	2.113240310E2
7.200000000E0	2.160000000E2	2.627472868E2	2.113240310E2
7.233333333E0	2.170000000E2	2.623503876E2	2.113240310E2
7.266666667E0	2.180000000E2	2.623503876E2	2.113240310E2
7.300000000E0	2.190000000E2	2.623503876E2	2.113240310E2
7.333333333E0	2.200000000E2	2.623503876E2	2.113240310E2
7.366666667E0	2.210000000E2	2.623503876E2	2.113240310E2
7.400000000E0	2.220000000E2	2.643348837E2	2.121178295E2
7.433333333E0	2.230000000E2	2.643348837E2	2.123162791E2
7.466666667E0	2.240000000E2	2.639379845E2	2.125147287E2
7.500000000E0	2.250000000E2	2.639379845E2	2.125147287E2
7.533333333E0	2.260000000E2	2.639379845E2	2.125147287E2
7.566666667E0	2.270000000E2	2.621519380E2	2.125147287E2
7.600000000E0	2.280000000E2	2.599689922E2	2.133085271E2
7.633333333E0	2.290000000E2	2.581829457E2	2.127131783E2
7.666666667E0	2.300000000E2	2.534201550E2	2.127131783E2
7.700000000E0	2.310000000E2	2.508403101E2	2.127131783E2
7.733333333E0	2.320000000E2	2.486573643E2	2.137054264E2
7.766666667E0	2.330000000E2	2.454821705E2	2.129116279E2
7.800000000E0	2.340000000E2	2.421085271E2	2.127131783E2
7.833333333E0	2.350000000E2	2.385364341E2	2.123162791E2
7.866666667E0	2.360000000E2	2.351627907E2	2.105302326E2
7.900000000E0	2.370000000E2	2.321860465E2	2.091410853E2
7.933333333E0	2.380000000E2	2.305984496E2	2.071565891E2
7.966666667E0	2.390000000E2	2.288124031E2	2.071565891E2
8.000000000E0	2.400000000E2	2.288124031E2	2.073550388E2
8.033333333E0	2.410000000E2	2.288124031E2	2.065612403E2
8.066666667E0	2.420000000E2	2.296062016E2	2.047751938E2
8.100000000E0	2.430000000E2	2.284155039E2	2.047751938E2
8.133333333E0	2.440000000E2	2.284155039E2	2.047751938E2
8.166666667E0	2.450000000E2	2.282170543E2	2.055689922E2
8.200000000E0	2.460000000E2	2.294077519E2	2.059658915E2
8.233333333E0	2.470000000E2	2.294077519E2	2.059658915E2
8.266666667E0	2.480000000E2	2.307968992E2	2.055689922E2
8.300000000E0	2.490000000E2	2.311937984E2	2.045767442E2
8.333333333E0	2.500000000E2	2.315906977E2	2.045767442E2
8.366666667E0	2.510000000E2	2.323844961E2	2.049736434E2
8.400000000E0	2.520000000E2	2.363534884E2	2.061643411E2
8.433333333E0	2.530000000E2	2.365519380E2	2.069581395E2
8.466666667E0	2.540000000E2	2.373457364E2	2.073550388E2
8.500000000E0	2.550000000E2	2.389333333E2	2.073550388E2
8.533333333E0	2.560000000E2	2.389333333E2	2.073550388E2
8.566666667E0	2.570000000E2	2.425054264E2	2.073550388E2
8.600000000E0	2.580000000E2	2.458790698E2	2.093395349E2
8.633333333E0	2.590000000E2	2.472682171E2	2.085457364E2
8.666666667E0	2.600000000E2	2.496496124E2	2.079503876E2
8.700000000E0	2.610000000E2	2.514356589E2	2.099348837E2
8.733333333E0	2.620000000E2	2.550077519E2	2.127131783E2
8.766666667E0	2.630000000E2	2.548093023E2	2.125147287E2
8.800000000E0	2.640000000E2	2.554046512E2	2.125147287E2
8.833333333E0	2.650000000E2	2.597705426E2	2.133085271E2
8.866666667E0	2.660000000E2	2.615565891E2	2.129116279E2
8.900000000E0	2.670000000E2	2.631441860E2	2.127131783E2
8.933333333E0	2.680000000E2	2.641364341E2	2.125147287E2
8.966666667E0	2.690000000E2	2.669147287E2	2.135069767E2
9.000000000E0	2.700000000E2	2.688992248E2	2.129116279E2
9.033333333E0	2.710000000E2	2.718759690E2	2.121178295E2
9.066666667E0	2.720000000E2	2.720744186E2	2.121178295E2
9.100000000E0	2.730000000E2	2.724713178E2	2.119193798E2
9.133333333E0	2.740000000E2	2.728682171E2	2.119193798E2
9.166666667E0	2.750000000E2	2.738604651E2	2.119193798E2
9.200000000E0	2.760000000E2	2.738604651E2	2.119193798E2
9.233333333E0	2.770000000E2	2.740589147E2	2.119193798E2
9.266666667E0	2.780000000E2	2.740589147E2	2.119193798E2
9.300000000E0	2.790000000E2	2.750511628E2	2.113240310E2
9.333333333E0	2.800000000E2	2.764403101E2	2.115224806E2
9.366666667E0	2.810000000E2	2.764403101E2	2.109271318E2
9.400000000E0	2.820000000E2	2.764403101E2	2.109271318E2
9.433333333E0	2.830000000E2	2.764403101E2	2.109271318E2
9.466666667E0	2.840000000E2	2.742573643E2	2.109271318E2
9.500000000E0	2.850000000E2	2.742573643E2	2.109271318E2
9.533333333E0	2.860000000E2	2.742573643E2	2.109271318E2
9.566666667E0	2.870000000E2	2.742573643E2	2.109271318E2
9.600000000E0	2.880000000E2	2.742573643E2	2.109271318E2
9.633333333E0	2.890000000E2	2.742573643E2	2.111255814E2
9.666666667E0	2.900000000E2	2.742573643E2	2.111255814E2
9.700000000E0	2.910000000E2	2.742573643E2	2.111255814E2
9.733333333E0	2.920000000E2	2.742573643E2	2.111255814E2
9.766666667E0	2.930000000E2	2.742573643E2	2.111255814E2
9.800000000E0	2.940000000E2	2.742573643E2	2.111255814E2
9.833333333E0	2.950000000E2	2.718759690E2	2.113240310E2
9.866666667E0	2.960000000E2	2.718759690E2	2.113240310E2
9.900000000E0	2.970000000E2	2.708837209E2	2.115224806E2
9.933333333E0	2.980000000E2	2.708837209E2	2.115224806E2
9.966666667E0	2.990000000E2	2.708837209E2	2.115224806E2
1.000000000E1	3.000000000E2	2.708837209E2	2.115224806E2
1.003333333E1	3.010000000E2	2.708837209E2	2.115224806E2
1.006666667E1	3.020000000E2	2.708837209E2	2.115224806E2
1.010000000E1	3.030000000E2	2.708837209E2	2.115224806E2
1.013333333E1	3.040000000E2	2.704868217E2	2.123162791E2
1.016666667E1	3.050000000E2	2.702883721E2	2.119193798E2
1.020000000E1	3.060000000E2	2.716775194E2	2.131100775E2
1.023333333E1	3.070000000E2	2.716775194E2	2.131100775E2
1.026666667E1	3.080000000E2	2.716775194E2	2.131100775E2
1.030000000E1	3.090000000E2	2.716775194E2	2.131100775E2
1.033333333E1	3.100000000E2	2.716775194E2	2.131100775E2
1.036666667E1	3.110000000E2	2.716775194E2	2.131100775E2
1.040000000E1	3.120000000E2	2.742573643E2	2.129116279E2
1.043333333E1	3.130000000E2	2.756465116E2	2.131100775E2
1.046666667E1	3.140000000E2	2.760434109E2	2.129116279E2
1.050000000E1	3.150000000E2	2.794170543E2	2.125147287E2
1.053333333E1	3.160000000E2	2.784248062E2	2.119193798E2
1.056666667E1	3.170000000E2	2.800124031E2	2.123162791E2
1.060000000E1	3.180000000E2	2.823937984E2	2.119193798E2
1.063333333E1	3.190000000E2	2.831875969E2	2.119193798E2
1.066666667E1	3.200000000E2	2.849736434E2	2.113240310E2
1.070000000E1	3.210000000E2	2.861643411E2	2.109271318E2
1.073333333E1	3.220000000E2	2.881488372E2	2.127131783E2
1.076666667E1	3.230000000E2	2.907286822E2	2.117209302E2
1.080000000E1	3.240000000E2	2.903317829E2	2.123162791E2
1.083333333E1	3.250000000E2	2.917209302E2	2.115224806E2
1.086666667E1	3.260000000E2	2.903317829E2	2.115224806E2
1.090000000E1	3.270000000E2	2.903317829E2	2.115224806E2
1.093333333E1	3.280000000E2	2.913240310E2	2.109271318E2
1.096666667E1	3.290000000E2	2.913240310E2	2.113240310E2
1.100000000E1	3.300000000E2	2.903317829E2	2.113240310E2
1.103333333E1	3.310000000E2	2.903317829E2	2.113240310E2
1.106666667E1	3.320000000E2	2.887441860E2	2.115224806E2
1.110000000E1	3.330000000E2	2.867596899E2	2.115224806E2
1.113333333E1	3.340000000E2	2.843782946E2	2.121178295E2
1.116666667E1	3.350000000E2	2.821953488E2	2.111255814E2
1.120000000E1	3.360000000E2	2.800124031E2	2.109271318E2
1.123333333E1	3.370000000E2	2.788217054E2	2.109271318E2
1.126666667E1	3.380000000E2	2.768372093E2	2.111255814E2
1.130000000E1	3.390000000E2	2.752496124E2	2.119193798E2
1.133333333E1	3.400000000E2	2.738604651E2	2.119193798E2
1.136666667E1	3.410000000E2	2.720744186E2	2.123162791E2
1.140000000E1	3.420000000E2	2.708837209E2	2.137054264E2
1.143333333E1	3.430000000E2	2.708837209E2	2.143007752E2
1.146666667E1	3.440000000E2	2.685023256E2	2.139038760E2
1.150000000E1	3.450000000E2	2.673116279E2	2.129116279E2
1.153333333E1	3.460000000E2	2.655255814E2	2.129116279E2
1.156666667E1	3.470000000E2	2.645333333E2	2.125147287E2
1.160000000E1	3.480000000E2	2.641364341E2	2.125147287E2
1.163333333E1	3.490000000E2	2.635410853E2	2.129116279E2
1.166666667E1	3.500000000E2	2.615565891E2	2.127131783E2
1.170000000E1	3.510000000E2	2.609612403E2	2.125147287E2
1.173333333E1	3.520000000E2	2.599689922E2	2.125147287E2
1.176666667E1	3.530000000E2	2.599689922E2	2.125147287E2
1.180000000E1	3.540000000E2	2.599689922E2	2.125147287E2
1.183333333E1	3.550000000E2	2.599689922E2	2.125147287E2
1.186666667E1	3.560000000E2	2.607627907E2	2.125147287E2
1.190000000E1	3.570000000E2	2.607627907E2	2.125147287E2
1.193333333E1	3.580000000E2	2.607627907E2	2.125147287E2
1.196666667E1	3.590000000E2	2.607627907E2	2.125147287E2
1.200000000E1	3.600000000E2	2.607627907E2	2.125147287E2
1.203333333E1	3.610000000E2	2.613581395E2	2.125147287E2
1.206666667E1	3.620000000E2	2.619534884E2	2.125147287E2
1.210000000E1	3.630000000E2	2.637395349E2	2.125147287E2
1.213333333E1	3.640000000E2	2.645333333E2	2.115224806E2
1.216666667E1	3.650000000E2	2.653271318E2	2.115224806E2
1.220000000E1	3.660000000E2	2.643348837E2	2.121178295E2
1.223333333E1	3.670000000E2	2.643348837E2	2.121178295E2
1.226666667E1	3.680000000E2	2.643348837E2	2.121178295E2
1.230000000E1	3.690000000E2	2.643348837E2	2.121178295E2
1.233333333E1	3.700000000E2	2.657240310E2	2.121178295E2
1.236666667E1	3.710000000E2	2.675100775E2	2.121178295E2
1.240000000E1	3.720000000E2	2.677085271E2	2.121178295E2
1.243333333E1	3.730000000E2	2.677085271E2	2.121178295E2
1.246666667E1	3.740000000E2	2.677085271E2	2.121178295E2
1.250000000E1	3.750000000E2	2.677085271E2	2.121178295E2
1.253333333E1	3.760000000E2	2.677085271E2	2.119193798E2
1.256666667E1	3.770000000E2	2.683038760E2	2.119193798E2
1.260000000E1	3.780000000E2	2.685023256E2	2.119193798E2
1.263333333E1	3.790000000E2	2.685023256E2	2.119193798E2
1.266666667E1	3.800000000E2	2.688992248E2	2.117209302E2
1.270000000E1	3.810000000E2	2.688992248E2	2.117209302E2
1.273333333E1	3.820000000E2	2.688992248E2	2.117209302E2
1.276666667E1	3.830000000E2	2.688992248E2	2.117209302E2
1.280000000E1	3.840000000E2	2.688992248E2	2.117209302E2
1.283333333E1	3.850000000E2	2.688992248E2	2.117209302E2
1.286666667E1	3.860000000E2	2.669147287E2	2.117209302E2
1.290000000E1	3.870000000E2	2.669147287E2	2.117209302E2
1.293333333E1	3.880000000E2	2.669147287E2	2.117209302E2
1.296666667E1	3.890000000E2	2.669147287E2	2.117209302E2
1.300000000E1	3.900000000E2	2.663193798E2	2.117209302E2
1.303333333E1	3.910000000E2	2.659224806E2	2.105302326E2
1.306666667E1	3.920000000E2	2.659224806E2	2.099348837E2
1.310000000E1	3.930000000E2	2.669147287E2	2.087441860E2
1.313333333E1	3.940000000E2	2.675100775E2	2.089426357E2
1.316666667E1	3.950000000E2	2.675100775E2	2.091410853E2
1.320000000E1	3.960000000E2	2.677085271E2	2.079503876E2
1.323333333E1	3.970000000E2	2.688992248E2	2.079503876E2
1.326666667E1	3.980000000E2	2.702883721E2	2.079503876E2
1.330000000E1	3.990000000E2	2.708837209E2	2.081488372E2
1.333333333E1	4.000000000E2	2.710821705E2	2.083472868E2
1.336666667E1	4.010000000E2	2.710821705E2	2.083472868E2
1.340000000E1	4.020000000E2	2.710821705E2	2.083472868E2
1.343333333E1	4.030000000E2	2.712806202E2	2.083472868E2
1.346666667E1	4.040000000E2	2.712806202E2	2.083472868E2
1.350000000E1	4.050000000E2	2.712806202E2	2.083472868E2
1.353333333E1	4.060000000E2	2.712806202E2	2.083472868E2
1.356666667E1	4.070000000E2	2.712806202E2	2.083472868E2
1.360000000E1	4.080000000E2	2.712806202E2	2.083472868E2
1.363333333E1	4.090000000E2	2.712806202E2	2.083472868E2
1.366666667E1	4.100000000E2	2.712806202E2	2.083472868E2
1.370000000E1	4.110000000E2	2.712806202E2	2.083472868E2
1.373333333E1	4.120000000E2	2.704868217E2	2.081488372E2
1.376666667E1	4.130000000E2	2.704868217E2	2.081488372E2
1.380000000E1	4.140000000E2	2.704868217E2	2.081488372E2
1.383333333E1	4.150000000E2	2.710821705E2	2.069581395E2
1.386666667E1	4.160000000E2	2.702883721E2	2.065612403E2
1.390000000E1	4.170000000E2	2.704868217E2	2.075534884E2
1.393333333E1	4.180000000E2	2.679069767E2	2.073550388E2
1.396666667E1	4.190000000E2	2.655255814E2	2.069581395E2
1.400000000E1	4.200000000E2	2.645333333E2	2.073550388E2
1.403333333E1	4.210000000E2	2.625488372E2	2.079503876E2
1.406666667E1	4.220000000E2	2.639379845E2	2.083472868E2
1.410000000E1	4.230000000E2	2.643348837E2	2.083472868E2
1.413333333E1	4.240000000E2	2.643348837E2	2.083472868E2
1.416666667E1	4.250000000E2	2.643348837E2	2.083472868E2
1.420000000E1	4.260000000E2	2.643348837E2	2.083472868E2
1.423333333E1	4.270000000E2	2.643348837E2	2.087441860E2
1.426666667E1	4.280000000E2	2.643348837E2	2.087441860E2
1.430000000E1	4.290000000E2	2.661209302E2	2.089426357E2
1.433333333E1	4.300000000E2	2.661209302E2	2.089426357E2
1.436666667E1	4.310000000E2	2.661209302E2	2.089426357E2
1.440000000E1	4.320000000E2	2.661209302E2	2.089426357E2
1.443333333E1	4.330000000E2	2.661209302E2	2.089426357E2
1.446666667E1	4.340000000E2	2.667162791E2	2.105302326E2
1.450000000E1	4.350000000E2	2.667162791E2	2.105302326E2
1.453333333E1	4.360000000E2	2.667162791E2	2.105302326E2
1.456666667E1	4.370000000E2	2.667162791E2	2.113240310E2
1.460000000E1	4.380000000E2	2.667162791E2	2.113240310E2
1.463333333E1	4.390000000E2	2.667162791E2	2.113240310E2
1.466666667E1	4.400000000E2	2.675100775E2	2.107286822E2
1.470000000E1	4.410000000E2	2.675100775E2	2.107286822E2
1.473333333E1	4.420000000E2	2.675100775E2	2.107286822E2
1.476666667E1	4.430000000E2	2.675100775E2	2.107286822E2
1.480000000E1	4.440000000E2	2.685023256E2	2.107286822E2
1.483333333E1	4.450000000E2	2.685023256E2	2.107286822E2
1.486666667E1	4.460000000E2	2.685023256E2	2.101333333E2
1.490000000E1	4.470000000E2	2.685023256E2	2.095379845E2
1.493333333E1	4.480000000E2	2.683038760E2	2.093395349E2
1.496666667E1	4.490000000E2	2.665178295E2	2.093395349E2
1.500000000E1	4.500000000E2	2.653271318E2	2.093395349E2
1.503333333E1	4.510000000E2	2.653271318E2	2.093395349E2
1.506666667E1	4.520000000E2	2.653271318E2	2.093395349E2
1.510000000E1	4.530000000E2	2.653271318E2	2.093395349E2
1.513333333E1	4.540000000E2	2.645333333E2	2.095379845E2
1.516666667E1	4.550000000E2	2.645333333E2	2.095379845E2
1.520000000E1	4.560000000E2	2.643348837E2	2.095379845E2
1.523333333E1	4.570000000E2	2.643348837E2	2.095379845E2
1.526666667E1	4.580000000E2	2.643348837E2	2.095379845E2
1.530000000E1	4.590000000E2	2.643348837E2	2.095379845E2
1.533333333E1	4.600000000E2	2.643348837E2	2.095379845E2
1.536666667E1	4.610000000E2	2.643348837E2	2.095379845E2
1.540000000E1	4.620000000E2	2.643348837E2	2.095379845E2
1.543333333E1	4.630000000E2	2.643348837E2	2.095379845E2
1.546666667E1	4.640000000E2	2.651286822E2	2.101333333E2
1.550000000E1	4.650000000E2	2.651286822E2	2.101333333E2
1.553333333E1	4.660000000E2	2.651286822E2	2.101333333E2
1.556666667E1	4.670000000E2	2.651286822E2	2.101333333E2
1.560000000E1	4.680000000E2	2.651286822E2	2.101333333E2
1.563333333E1	4.690000000E2	2.651286822E2	2.101333333E2
1.566666667E1	4.700000000E2	2.651286822E2	2.101333333E2
1.570000000E1	4.710000000E2	2.651286822E2	2.101333333E2
1.573333333E1	4.720000000E2	2.651286822E2	2.101333333E2
1.576666667E1	4.730000000E2	2.661209302E2	2.095379845E2
1.580000000E1	4.740000000E2	2.661209302E2	2.091410853E2
1.583333333E1	4.750000000E2	2.663193798E2	2.089426357E2
1.586666667E1	4.760000000E2	2.667162791E2	2.091410853E2
1.590000000E1	4.770000000E2	2.669147287E2	2.091410853E2
1.593333333E1	4.780000000E2	2.690976744E2	2.095379845E2
1.596666667E1	4.790000000E2	2.698914729E2	2.097364341E2
1.600000000E1	4.800000000E2	2.698914729E2	2.095379845E2
1.603333333E1	4.810000000E2	2.700899225E2	2.097364341E2
1.606666667E1	4.820000000E2	2.700899225E2	2.097364341E2
1.610000000E1	4.830000000E2	2.700899225E2	2.099348837E2
1.613333333E1	4.840000000E2	2.700899225E2	2.099348837E2
1.616666667E1	4.850000000E2	2.700899225E2	2.109271318E2
1.620000000E1	4.860000000E2	2.700899225E2	2.109271318E2
1.623333333E1	4.870000000E2	2.700899225E2	2.111255814E2
1.626666667E1	4.880000000E2	2.700899225E2	2.111255814E2
1.630000000E1	4.890000000E2	2.688992248E2	2.111255814E2
1.633333333E1	4.900000000E2	2.673116279E2	2.111255814E2
1.636666667E1	4.910000000E2	2.673116279E2	2.111255814E2
1.640000000E1	4.920000000E2	2.673116279E2	2.111255814E2
1.643333333E1	4.930000000E2	2.673116279E2	2.111255814E2
1.646666667E1	4.940000000E2	2.673116279E2	2.109271318E2
1.650000000E1	4.950000000E2	2.673116279E2	2.109271318E2
1.653333333E1	4.960000000E2	2.673116279E2	2.109271318E2
1.656666667E1	4.970000000E2	2.673116279E2	2.109271318E2
1.660000000E1	4.980000000E2	2.673116279E2	2.109271318E2
1.663333333E1	4.990000000E2	2.673116279E2	2.109271318E2
1.666666667E1	5.000000000E2	2.673116279E2	2.109271318E2
1.670000000E1	5.010000000E2	2.673116279E2	2.109271318E2
1.673333333E1	5.020000000E2	2.681054264E2	2.109271318E2
1.676666667E1	5.030000000E2	2.681054264E2	2.109271318E2
1.680000000E1	5.040000000E2	2.675100775E2	2.109271318E2
1.683333333E1	5.050000000E2	2.675100775E2	2.109271318E2
1.686666667E1	5.060000000E2	2.675100775E2	2.109271318E2
1.690000000E1	5.070000000E2	2.675100775E2	2.109271318E2
1.693333333E1	5.080000000E2	2.675100775E2	2.109271318E2
1.696666667E1	5.090000000E2	2.675100775E2	2.109271318E2
1.700000000E1	5.100000000E2	2.675100775E2	2.111255814E2
1.703333333E1	5.110000000E2	2.675100775E2	2.111255814E2
1.706666667E1	5.120000000E2	2.675100775E2	2.111255814E2
1.710000000E1	5.130000000E2	2.675100775E2	2.111255814E2
1.713333333E1	5.140000000E2	2.677085271E2	2.111255814E2
1.716666667E1	5.150000000E2	2.677085271E2	2.111255814E2
1.720000000E1	5.160000000E2	2.677085271E2	2.111255814E2
1.723333333E1	5.170000000E2	2.677085271E2	2.111255814E2
1.726666667E1	5.180000000E2	2.677085271E2	2.111255814E2
1.730000000E1	5.190000000E2	2.677085271E2	2.111255814E2
1.733333333E1	5.200000000E2	2.679069767E2	2.105302326E2
1.736666667E1	5.210000000E2	2.687007752E2	2.097364341E2
1.740000000E1	5.220000000E2	2.688992248E2	2.111255814E2
1.743333333E1	5.230000000E2	2.688992248E2	2.111255814E2
1.746666667E1	5.240000000E2	2.688992248E2	2.119193798E2
1.750000000E1	5.250000000E2	2.688992248E2	2.119193798E2
1.753333333E1	5.260000000E2	2.688992248E2	2.119193798E2
1.756666667E1	5.270000000E2	2.688992248E2	2.121178295E2
1.760000000E1	5.280000000E2	2.688992248E2	2.121178295E2
1.763333333E1	5.290000000E2	2.688992248E2	2.121178295E2
1.766666667E1	5.300000000E2	2.688992248E2	2.127131783E2
1.770000000E1	5.310000000E2	2.688992248E2	2.127131783E2
1.773333333E1	5.320000000E2	2.688992248E2	2.127131783E2
1.776666667E1	5.330000000E2	2.688992248E2	2.127131783E2
1.780000000E1	5.340000000E2	2.688992248E2	2.127131783E2
1.783333333E1	5.350000000E2	2.688992248E2	2.127131783E2
